# r(Angstrom) g(r)
0.000000000000000000e+00 nan
2.000000000000000042e-02 3.072208496502693009e-01
4.000000000000000083e-02 3.111850410372444253e-01
5.999999999999999778e-02 3.175228531929640274e-01
8.000000000000000167e-02 3.258580549904236401e-01
1.000000000000000056e-01 3.357116399703634624e-01
1.199999999999999956e-01 3.465262966584728987e-01
1.400000000000000133e-01 3.577118534401961814e-01
1.600000000000000033e-01 3.686979334397153529e-01
1.799999999999999933e-01 3.789718980772812662e-01
2.000000000000000111e-01 3.880976950397253544e-01
2.200000000000000011e-01 3.957577941541533528e-01
2.399999999999999911e-01 4.017741553247899944e-01
2.600000000000000089e-01 4.060912839791241957e-01
2.800000000000000266e-01 4.087875230233078971e-01
2.999999999999999889e-01 4.100475695713106106e-01
3.200000000000000067e-01 4.101452979006423583e-01
3.400000000000000244e-01 4.094024168553911380e-01
3.599999999999999867e-01 4.081609081149168983e-01
3.800000000000000044e-01 4.067487132299856256e-01
4.000000000000000222e-01 4.054520440004836246e-01
4.199999999999999845e-01 4.044938562939845994e-01
4.400000000000000022e-01 4.040215315025070808e-01
4.600000000000000200e-01 4.041105386543116795e-01
4.799999999999999822e-01 4.047564752339727345e-01
5.000000000000000000e-01 4.059101283385342374e-01
5.200000000000000178e-01 4.074889155578654831e-01
5.400000000000000355e-01 4.094020969819637257e-01
5.600000000000000533e-01 4.115863155534640327e-01
5.799999999999999600e-01 4.140211271831465423e-01
5.999999999999999778e-01 4.167487659375030962e-01
6.199999999999999956e-01 4.198829794204888000e-01
6.400000000000000133e-01 4.236058841061268732e-01
6.600000000000000311e-01 4.281542695573635759e-01
6.800000000000000488e-01 4.337942851008483869e-01
6.999999999999999556e-01 4.407868324664512283e-01
7.199999999999999734e-01 4.493526087408943326e-01
7.399999999999999911e-01 4.596229772338711328e-01
7.600000000000000089e-01 4.716063230444236254e-01
7.800000000000000266e-01 4.851520553656584189e-01
8.000000000000000444e-01 4.999301034496036467e-01
8.199999999999999512e-01 5.154232609731550507e-01
8.399999999999999689e-01 5.309407246837336558e-01
8.599999999999999867e-01 5.456416945516251449e-01
8.800000000000000044e-01 5.585874559033774389e-01
9.000000000000000222e-01 5.688003837838275789e-01
9.200000000000000400e-01 5.753439771215380638e-01
9.399999999999999467e-01 5.773981425397221035e-01
9.599999999999999645e-01 5.743457145209447390e-01
9.799999999999999822e-01 5.658476321745991022e-01
1.000000000000000000e+00 5.519054242447039016e-01
1.020000000000000018e+00 5.329033880665008382e-01
1.040000000000000036e+00 5.096268431079293837e-01
1.060000000000000053e+00 4.832547711634365140e-01
1.080000000000000071e+00 4.553172485592599239e-01
1.100000000000000089e+00 4.276234861314757163e-01
1.120000000000000107e+00 4.021726719192479926e-01
1.139999999999999902e+00 3.810297658933375908e-01
1.159999999999999920e+00 3.661964236209307444e-01
1.179999999999999938e+00 3.594738940293399354e-01
1.199999999999999956e+00 3.623304510243863241e-01
1.219999999999999973e+00 3.757818646217264691e-01
1.239999999999999991e+00 4.002917277212975078e-01
1.260000000000000009e+00 4.357121547797148109e-01
1.280000000000000027e+00 4.812506868122731207e-01
1.300000000000000044e+00 5.354842978888053606e-01
1.320000000000000062e+00 5.964138390796983602e-01
1.340000000000000080e+00 6.615585299442939826e-01
1.360000000000000098e+00 7.280852954477330385e-01
1.379999999999999893e+00 7.929598379212602355e-01
1.399999999999999911e+00 8.531282822043870784e-01
1.419999999999999929e+00 9.056896742357397612e-01
1.439999999999999947e+00 9.480739868940648574e-01
1.459999999999999964e+00 9.781979530011102320e-01
1.479999999999999982e+00 9.945933826178641191e-01
1.500000000000000000e+00 9.964987870145158855e-01
1.520000000000000018e+00 9.839075466600858411e-01
1.540000000000000036e+00 9.575679932745516654e-01
1.560000000000000053e+00 9.189359566839365723e-01
1.580000000000000071e+00 8.700844530841173041e-01
1.600000000000000089e+00 8.135705942925093304e-01
1.620000000000000107e+00 7.522792753300748814e-01
1.639999999999999902e+00 6.892415940215246284e-01
1.659999999999999920e+00 6.274526876153845301e-01
1.679999999999999938e+00 5.696907828854067546e-01
1.699999999999999956e+00 5.183589512359221274e-01
1.719999999999999973e+00 4.753545496551488947e-01
1.739999999999999991e+00 4.419755112740582081e-01
1.760000000000000009e+00 4.188734846502372156e-01
1.780000000000000027e+00 4.060505494666487580e-01
1.800000000000000044e+00 4.029030526251139444e-01
1.820000000000000062e+00 4.083089400887691678e-01
1.840000000000000080e+00 4.207464976179496885e-01
1.860000000000000098e+00 4.384413469241690287e-01
1.879999999999999893e+00 4.595243642476937174e-01
1.899999999999999911e+00 4.821931482002536073e-01
1.919999999999999929e+00 5.048633958675807776e-01
1.939999999999999947e+00 5.262954007560410874e-01
1.959999999999999964e+00 5.456914568637456497e-01
1.979999999999999982e+00 5.627554739097868630e-01
2.000000000000000000e+00 5.777053361335098280e-01
2.020000000000000018e+00 5.912470945907799535e-01
2.040000000000000036e+00 6.045046157769087269e-01
2.060000000000000053e+00 6.189141283653463166e-01
2.080000000000000071e+00 6.360916776852405530e-01
2.100000000000000089e+00 6.576836839116456668e-01
2.120000000000000107e+00 6.852114155470052648e-01
2.140000000000000124e+00 7.199214396811814964e-01
2.160000000000000142e+00 7.626549164013916027e-01
2.180000000000000160e+00 8.137432826118801144e-01
2.200000000000000178e+00 8.729396575799946989e-01
2.220000000000000195e+00 9.393939685660107619e-01
2.240000000000000213e+00 1.011669391758930781e+00
2.259999999999999787e+00 1.087800147780779936e+00
2.279999999999999805e+00 1.165393264089511050e+00
2.299999999999999822e+00 1.241756626666151497e+00
2.319999999999999840e+00 1.314053949549466083e+00
2.339999999999999858e+00 1.379470934257942982e+00
2.359999999999999876e+00 1.435384489771713623e+00
2.379999999999999893e+00 1.479518485224525337e+00
2.399999999999999911e+00 1.510082844471124286e+00
2.419999999999999929e+00 1.525881475320189473e+00
2.439999999999999947e+00 1.526381193941954928e+00
2.459999999999999964e+00 1.511745953166846013e+00
2.479999999999999982e+00 1.482823532731361915e+00
2.500000000000000000e+00 1.441093813765897735e+00
2.520000000000000018e+00 1.388580480419987939e+00
2.540000000000000036e+00 1.327733655822440184e+00
2.560000000000000053e+00 1.261288503043275444e+00
2.580000000000000071e+00 1.192113899517929232e+00
2.600000000000000089e+00 1.123058213485309542e+00
2.620000000000000107e+00 1.056801303517034940e+00
2.640000000000000124e+00 9.957246462840386725e-01
2.660000000000000142e+00 9.418041580632077192e-01
2.680000000000000160e+00 8.965313725267033407e-01
2.700000000000000178e+00 8.608688455833570785e-01
2.720000000000000195e+00 8.352374857992277413e-01
2.740000000000000213e+00 8.195360546256168499e-01
2.759999999999999787e+00 8.131896087424610453e-01
2.779999999999999805e+00 8.152214659779316586e-01
2.799999999999999822e+00 8.243427993499700124e-01
2.819999999999999840e+00 8.390522156891593308e-01
2.839999999999999858e+00 8.577386229028729492e-01
2.859999999999999876e+00 8.787802944937339600e-01
2.879999999999999893e+00 9.006354731044684536e-01
2.899999999999999911e+00 9.219168210311478040e-01
2.919999999999999929e+00 9.414497379431338020e-01
2.939999999999999947e+00 9.583115685812647611e-01
2.959999999999999964e+00 9.718476440872295674e-01
2.979999999999999982e+00 9.816743600996091779e-01
3.000000000000000000e+00 9.876618213627975651e-01
3.020000000000000018e+00 9.899055079882927988e-01
3.040000000000000036e+00 9.886879519169426977e-01
3.060000000000000053e+00 9.844375979737535198e-01
3.080000000000000071e+00 9.776842624465890141e-01
3.100000000000000089e+00 9.690184471346126038e-01
3.120000000000000107e+00 9.590550417391583427e-01
3.140000000000000124e+00 9.484033230740082088e-01
3.160000000000000142e+00 9.376450629403046966e-01
3.180000000000000160e+00 9.273203876808646662e-01
3.200000000000000178e+00 9.179187561856815281e-01
3.220000000000000195e+00 9.098766576818350105e-01
3.240000000000000213e+00 9.035781137145746378e-01
3.259999999999999787e+00 8.993562875854125283e-01
3.279999999999999805e+00 8.974952587222119194e-01
3.299999999999999822e+00 8.982299528672936795e-01
3.319999999999999840e+00 9.017432002636514010e-01
3.339999999999999858e+00 9.081598224293171429e-01
3.359999999999999876e+00 9.175383082986587890e-01
3.379999999999999893e+00 9.298603967714762497e-01
3.399999999999999911e+00 9.450197314494558354e-01
3.419999999999999929e+00 9.628126306672878387e-01
3.439999999999999947e+00 9.829323805583813911e-01
3.459999999999999964e+00 1.004964999071216392e+00
3.479999999999999982e+00 1.028396959310679426e+00
3.500000000000000000e+00 1.052623696807004405e+00
3.520000000000000018e+00 1.076970548548410234e+00
3.540000000000000036e+00 1.100716922351842486e+00
3.560000000000000053e+00 1.123128931010043852e+00
3.580000000000000071e+00 1.143494623610036287e+00
3.600000000000000089e+00 1.161161509102586642e+00
3.620000000000000107e+00 1.175573038789128555e+00
3.640000000000000124e+00 1.186302272661827084e+00
3.660000000000000142e+00 1.193077822908985119e+00
3.680000000000000160e+00 1.195802966848135140e+00
3.700000000000000178e+00 1.194563822765395855e+00
3.720000000000000195e+00 1.189626013565813878e+00
3.740000000000000213e+00 1.181420838030146747e+00
3.759999999999999787e+00 1.170520168900958335e+00
3.779999999999999805e+00 1.157602631620403333e+00
3.799999999999999822e+00 1.143412544079135174e+00
3.819999999999999840e+00 1.128715341834384045e+00
3.839999999999999858e+00 1.114251911023379282e+00
3.859999999999999876e+00 1.100694531162758061e+00
3.879999999999999893e+00 1.088609667442827389e+00
3.899999999999999911e+00 1.078428119570217891e+00
3.919999999999999929e+00 1.070424698971919497e+00
3.939999999999999947e+00 1.064710263267092838e+00
3.959999999999999964e+00 1.061235114989976802e+00
3.979999999999999982e+00 1.059803364816370719e+00
4.000000000000000000e+00 1.060097324953923836e+00
4.019999999999999574e+00 1.061709757243975760e+00
4.040000000000000036e+00 1.064180978127823307e+00
4.059999000000000358e+00 1.067037234023086034e+00
4.080000000000000071e+00 1.069829468787589111e+00
4.099999000000000393e+00 1.072166564056902471e+00
4.120000000000000107e+00 1.073742548166350508e+00
4.139999000000000429e+00 1.074355204636853856e+00
4.160000000000000142e+00 1.073915651902975998e+00
4.179998999999999576e+00 1.072445913489817437e+00
4.200000000000000178e+00 1.070068655856607931e+00
4.219998999999999612e+00 1.066988726936033416e+00
4.240000000000000213e+00 1.063466364752961635e+00
4.259998999999999647e+00 1.059788236662526861e+00
4.280000000000000249e+00 1.056237076956634491e+00
4.299998999999999683e+00 1.053061618887234596e+00
4.320000000000000284e+00 1.050451846427179481e+00
4.339999999999999858e+00 1.048519395375240748e+00
4.360000000000000320e+00 1.047286586888051874e+00
4.379999999999999893e+00 1.046683499052442734e+00
4.400000000000000355e+00 1.046553054434679941e+00
4.419999999999999929e+00 1.046666278974886843e+00
4.440000000000000391e+00 1.046740951298479994e+00
4.459999999999999964e+00 1.046468803172450723e+00
4.480000000000000426e+00 1.045541172059339718e+00
4.500000000000000000e+00 1.043678537395650308e+00
4.519999999999999574e+00 1.040654237899374612e+00
4.540000000000000036e+00 1.036315783308890959e+00
4.559999000000000358e+00 1.030599494417740125e+00
4.580000000000000071e+00 1.023535583143559302e+00
4.599999000000000393e+00 1.015249053854796690e+00
4.620000000000000107e+00 1.005948034960263193e+00
4.639999000000000429e+00 9.959098699783370812e-01
4.660000000000000142e+00 9.854569124037754202e-01
4.679998999999999576e+00 9.749343899162707938e-01
4.700000000000000178e+00 9.646798044709180564e-01
4.719998999999999612e+00 9.550020322310677212e-01
4.740000000000000213e+00 9.461536864952875270e-01
4.759998999999999647e+00 9.383187483212266367e-01
4.780000000000000249e+00 9.315968117767290391e-01
4.799998999999999683e+00 9.260040394528746832e-01
4.820000000000000284e+00 9.214725182889150767e-01
4.839998999999999718e+00 9.178652622192808863e-01
4.860000000000000320e+00 9.149898159321825375e-01
4.879999999999999893e+00 9.126223139808646856e-01
4.900000000000000355e+00 9.105294289057710433e-01
4.919999999999999929e+00 9.084935472358237618e-01
4.940000000000000391e+00 9.063349073979019010e-01
4.959999999999999964e+00 9.039302253532961462e-01
4.980000000000000426e+00 9.012261542540642711e-01
5.000000000000000000e+00 8.982452267943773494e-01
5.019999999999999574e+00 8.950866834571422626e-01
5.040000000000000036e+00 8.919172307316158843e-01
5.059999000000000358e+00 8.889588047783175684e-01
5.080000000000000071e+00 8.864680847074108971e-01
5.099999000000000393e+00 8.847149871565992418e-01
5.120000000000000107e+00 8.839573588106388602e-01
5.139999000000000429e+00 8.844180047738340322e-01
5.160000000000000142e+00 8.862632460614697782e-01
5.179998999999999576e+00 8.895856558625535593e-01
5.200000000000000178e+00 8.943938285110537567e-01
5.219998999999999612e+00 9.006067559365806829e-01
5.240000000000000213e+00 9.080581068026214453e-01
5.259998999999999647e+00 9.165029818480915358e-01
5.280000000000000249e+00 9.256374867362727743e-01
5.299998999999999683e+00 9.351144023196791277e-01
5.320000000000000284e+00 9.445712817711934273e-01
5.339998999999999718e+00 9.536510109578140160e-01
5.360000000000000320e+00 9.620294179259654133e-01
5.379999999999999893e+00 9.694333444586358262e-01
5.400000000000000355e+00 9.756597833162479194e-01
5.419999999999999929e+00 9.805874084140280278e-01
5.440000000000000391e+00 9.841802098211087646e-01
5.459999999999999964e+00 9.864880824302854068e-01
5.480000000000000426e+00 9.876373546179031404e-01
5.500000000000000000e+00 9.878187205875581522e-01
5.519999999999999574e+00 9.872697164474156795e-01
5.540000000000000036e+00 9.862534680340477866e-01
5.559999000000000358e+00 9.850390830322907076e-01
5.580000000000000071e+00 9.838794549575122783e-01
5.599999000000000393e+00 9.829940878406522309e-01
5.620000000000000107e+00 9.825543184104762462e-01
5.639999000000000429e+00 9.826735805739468255e-01
5.660000000000000142e+00 9.834031586749074627e-01
5.679998999999999576e+00 9.847331042698127535e-01
5.700000000000000178e+00 9.865988951790468642e-01
5.719998999999999612e+00 9.888913296530092989e-01
5.740000000000000213e+00 9.914711565678404614e-01
5.759998999999999647e+00 9.941840928186811421e-01
5.780000000000000249e+00 9.968771133595107914e-01
5.799998999999999683e+00 9.994130919977424199e-01
5.820000000000000284e+00 1.001684037139095818e+00
5.839998999999999718e+00 1.003619638208206544e+00
5.860000000000000320e+00 1.005192759991831331e+00
5.879999999999999893e+00 1.006419837657774430e+00
5.900000000000000355e+00 1.007357021604804448e+00
5.919999999999999929e+00 1.008093557415074448e+00
5.940000000000000391e+00 1.008740352390250061e+00
5.959999999999999964e+00 1.009417910689768716e+00
5.980000000000000426e+00 1.010243405726247712e+00
6.000000000000000000e+00 1.011318622870916561e+00
6.019999999999999574e+00 1.012718142503789664e+00
6.040000000000000036e+00 1.014482497948792306e+00
6.059999000000000358e+00 1.016613046459138525e+00
6.080000000000000071e+00 1.019071754706678767e+00
6.099999000000000393e+00 1.021783800867908765e+00
6.120000000000000107e+00 1.024645088047499764e+00
6.139999000000000429e+00 1.027530426517692552e+00
6.160000000000000142e+00 1.030306567305679710e+00
6.179998999999999576e+00 1.032842615851984558e+00
6.200000000000000178e+00 1.035023536180117887e+00
6.219998999999999612e+00 1.036759064628377303e+00
6.240000000000000213e+00 1.037992638019384462e+00
6.259998999999999647e+00 1.038705637244998981e+00
6.280000000000000249e+00 1.038919260202782802e+00
6.299998999999999683e+00 1.038691189925193381e+00
6.320000000000000284e+00 1.038110505664001204e+00
6.339998999999999718e+00 1.037288948224980745e+00
6.360000000000000320e+00 1.036349617371653986e+00
6.379998999999999754e+00 1.035415957007356447e+00
6.400000000000000355e+00 1.034599499130995914e+00
6.419999999999999929e+00 1.033989727984838902e+00
6.440000000000000391e+00 1.033645470238499842e+00
6.459999999999999964e+00 1.033589374096169022e+00
6.480000000000000426e+00 1.033806083082222438e+00
6.500000000000000000e+00 1.034243385428230688e+00
6.519999999999999574e+00 1.034817620858001552e+00
6.540000000000000036e+00 1.035421345397947501e+00
6.559999000000000358e+00 1.035933547221705053e+00
6.580000000000000071e+00 1.036231986324117393e+00
6.599999000000000393e+00 1.036203839788083947e+00
6.620000000000000107e+00 1.035758008780309103e+00
6.639999000000000429e+00 1.034833612343942777e+00
6.660000000000000142e+00 1.033406832955626076e+00
6.679998999999999576e+00 1.031494292025391779e+00
6.700000000000000178e+00 1.029152146296097303e+00
6.719998999999999612e+00 1.026473063666623053e+00
6.740000000000000213e+00 1.023577985666119350e+00
6.759998999999999647e+00 1.020607304214969702e+00
6.780000000000000249e+00 1.017707847596183823e+00
6.799998999999999683e+00 1.015022150011596569e+00
6.820000000000000284e+00 1.012674583784754834e+00
6.839998999999999718e+00 1.010762111475101310e+00
6.860000000000000320e+00 1.009345128529596902e+00
6.879998999999999754e+00 1.008442687470218146e+00
6.900000000000000355e+00 1.008030306964737388e+00
6.919999999999999929e+00 1.008042848694164162e+00
6.940000000000000391e+00 1.008379426430532355e+00
6.959999999999999964e+00 1.008912680188362332e+00
6.980000000000000426e+00 1.009499356103761958e+00
7.000000000000000000e+00 1.009993327969970212e+00
7.019999999999999574e+00 1.010257977886529490e+00
7.040000000000000036e+00 1.010178261597745264e+00
7.059999000000000358e+00 1.009671114383165813e+00
7.080000000000000071e+00 1.008692146996498673e+00
7.099999000000000393e+00 1.007240698949876556e+00
7.120000000000000107e+00 1.005359308783384975e+00
7.139999000000000429e+00 1.003131172876005728e+00
7.160000000000000142e+00 1.000672181841842701e+00
7.179998999999999576e+00 9.981227038018762876e-01
7.200000000000000178e+00 9.956345973705414965e-01
7.219998999999999612e+00 9.933593582760283924e-01
7.240000000000000213e+00 9.914345440092404704e-01
7.259998999999999647e+00 9.899732355862413957e-01
7.280000000000000249e+00 9.890539027509115400e-01
7.299998999999999683e+00 9.887141205547990142e-01
7.320000000000000284e+00 9.889474396788158206e-01
7.339998999999999718e+00 9.897041626413635163e-01
7.360000000000000320e+00 9.908951468806043161e-01
7.379998999999999754e+00 9.923995781304101316e-01
7.400000000000000355e+00 9.940753393890656708e-01
7.419999999999999929e+00 9.957697681158804714e-01
7.440000000000000391e+00 9.973329327660807042e-01
7.459999999999999964e+00 9.986295966325335893e-01
7.480000000000000426e+00 9.995494255630420488e-01
7.500000000000000000e+00 1.000016052528085453e+00
7.519999999999999574e+00 9.999924831871356279e-01
7.540000000000000036e+00 9.994829103925674252e-01
7.559999000000000358e+00 9.985316836691318088e-01
7.580000000000000071e+00 9.972183253929272073e-01
7.599999000000000393e+00 9.956505937314933385e-01
7.620000000000000107e+00 9.939537121744297377e-01
7.639999000000000429e+00 9.922604284118581308e-01
7.660000000000000142e+00 9.906984682512747220e-01
7.679998999999999576e+00 9.893806456483430489e-01
7.700000000000000178e+00 9.883951586338287632e-01
7.719998999999999612e+00 9.877985657471379799e-01
7.740000000000000213e+00 9.876122338773698495e-01
7.759998999999999647e+00 9.878209701955432687e-01
7.780000000000000249e+00 9.883758759127660998e-01
7.799998999999999683e+00 9.891989888348168281e-01
7.820000000000000284e+00 9.901916585087158218e-01
7.839998999999999718e+00 9.912434019930698170e-01
7.860000000000000320e+00 9.922424424556880451e-01
7.879998999999999754e+00 9.930856749885488277e-01
7.900000000000000355e+00 9.936881449655671217e-01
7.919999999999999929e+00 9.939899417898551137e-01
7.940000000000000391e+00 9.939616256301111452e-01
7.959999999999999964e+00 9.936063303488545939e-01
7.980000000000000426e+00 9.929587122215151052e-01
8.000000000000000000e+00 9.920816194682064992e-01
8.019999999999999574e+00 9.910593332935530020e-01
8.039998999999999896e+00 9.899903607186152366e-01
8.059998999999999469e+00 9.889771529788328186e-01
8.080000000000000071e+00 9.881174199042687123e-01
8.099999000000000393e+00 9.874944881646371408e-01
8.119998999999999967e+00 9.871698976971866601e-01
8.139998999999999540e+00 9.871776123337369091e-01
8.160000000000000142e+00 9.875209479058023598e-01
8.179999000000000464e+00 9.881722198785423128e-01
8.199999999999999289e+00 9.890753760937258665e-01
8.219998999999999612e+00 9.901508747428343638e-01
8.240000000000000213e+00 9.913030295081549648e-01
8.259999999999999787e+00 9.924287179567656825e-01
8.279999999999999361e+00 9.934263507292026008e-01
8.299998999999999683e+00 9.942058409404460617e-01
8.320000000000000284e+00 9.946962352147640241e-01
8.339999999999999858e+00 9.948523430921552002e-01
8.359999999999999432e+00 9.946592654581819515e-01
8.379998999999999754e+00 9.941340437739898395e-01
8.400000000000000355e+00 9.933240604969212351e-01
8.419999999999999929e+00 9.923038818045420983e-01
8.439999999999999503e+00 9.911682450181961146e-01
8.459998999999999825e+00 9.900248735934807920e-01
8.480000000000000426e+00 9.889843750605552541e-01
8.500000000000000000e+00 9.881516451416915148e-01
8.519999999999999574e+00 9.876164685594057691e-01
8.539998999999999896e+00 9.874457802302110121e-01
8.559998999999999469e+00 9.876780217889429281e-01
8.580000000000000071e+00 9.883196160022379440e-01
8.599999000000000393e+00 9.893444844962719920e-01
8.619998999999999967e+00 9.906960550209337191e-01
8.639998999999999540e+00 9.922921040879013610e-01
8.660000000000000142e+00 9.940309945188077201e-01
8.679999000000000464e+00 9.958006901044894610e-01
8.699999999999999289e+00 9.974878266076410149e-01
8.719998999999999612e+00 9.989866425162005070e-01
8.740000000000000213e+00 1.000207885703931820e+00
8.759999999999999787e+00 1.001085828424679525e+00
8.779999999999999361e+00 1.001583435764923147e+00
8.799998999999999683e+00 1.001695042381001155e+00
8.820000000000000284e+00 1.001446162453781374e+00
8.839999999999999858e+00 1.000891478015317082e+00
8.859999999999999432e+00 1.000109370717975343e+00
8.879998999999999754e+00 9.991956209013406198e-01
8.900000000000000355e+00 9.982548814570487705e-01
8.919999999999999929e+00 9.973923475316328613e-01
8.939999999999999503e+00 9.967050471539943279e-01
8.959998999999999825e+00 9.962740660624559430e-01
8.980000000000000426e+00 9.961584326970068792e-01
9.000000000000000000e+00 9.963907097802002788e-01
9.019999999999999574e+00 9.969752571877938951e-01
9.039998999999999896e+00 9.978886228395855706e-01
9.059998999999999469e+00 9.990822009484836563e-01
9.080000000000000071e+00 1.000486953922413047e+00
9.099999000000000393e+00 1.002019930790518876e+00
9.119998999999999967e+00 1.003591582904686419e+00
9.139998999999999540e+00 1.005113225943938593e+00
9.160000000000000142e+00 1.006504162226927734e+00
9.179999000000000464e+00 1.007698394618185000e+00
9.199999999999999289e+00 1.008649166606449432e+00
9.219998999999999612e+00 1.009332109466040350e+00
9.240000000000000213e+00 1.009745780520805214e+00
9.259999999999999787e+00 1.009910716299894817e+00
9.279999999999999361e+00 1.009866336968517020e+00
9.299998999999999683e+00 1.009666249953826922e+00
9.320000000000000284e+00 1.009372105233254935e+00
9.339999999999999858e+00 1.009047781888338990e+00
9.359999999999999432e+00 1.008752844230500934e+00
9.379998999999999754e+00 1.008536724117812033e+00
9.400000000000000355e+00 1.008434605953035801e+00
9.419999999999999929e+00 1.008464002169300766e+00
9.439999999999999503e+00 1.008623842668287418e+00
9.459998999999999825e+00 1.008895142313781079e+00
9.480000000000000426e+00 1.009243120259652571e+00
9.500000000000000000e+00 1.009621393867464079e+00
9.519999999999999574e+00 1.009976795083388890e+00
9.539998999999999896e+00 1.010255141651692057e+00
9.559998999999999469e+00 1.010406541007248693e+00
9.580000000000000071e+00 1.010391174604654774e+00
9.599999000000000393e+00 1.010182864746525189e+00
9.619998999999999967e+00 1.009772662249826203e+00
9.639998999999999540e+00 1.009169287725635522e+00
9.660000000000000142e+00 1.008399170398410094e+00
9.679999000000000464e+00 1.007504147120133142e+00
9.699999000000000038e+00 1.006537510799775825e+00
9.719998999999999612e+00 1.005559218591694615e+00
9.740000000000000213e+00 1.004630693486660009e+00
9.759999999999999787e+00 1.003808870060053149e+00
9.779999999999999361e+00 1.003140832769166213e+00
9.799998999999999683e+00 1.002659499266309151e+00
9.820000000000000284e+00 1.002380473454315801e+00
9.839999999999999858e+00 1.002300433631010623e+00
9.859999999999999432e+00 1.002397545095097708e+00
9.879998999999999754e+00 1.002633060886166882e+00
9.900000000000000355e+00 1.002955346945901605e+00
9.919999999999999929e+00 1.003304084846282640e+00
9.939999999999999503e+00 1.003616634105003680e+00
9.959998999999999825e+00 1.003833290315959692e+00
9.980000000000000426e+00 1.003903505981084576e+00
1.000000000000000000e+01 1.003790794719270796e+00
1.001999999999999957e+01 1.003476177066936703e+00
1.003999999999999915e+01 1.002960786517500091e+00
1.006000000000000050e+01 1.002265961102797309e+00
1.008000000000000007e+01 1.001431950526357806e+00
1.009999999999999964e+01 1.000514530818269021e+00
1.011999999999999922e+01 9.995802808636173875e-01
1.014000000000000057e+01 9.987007564717901298e-01
1.016000000000000014e+01 9.979462274718688963e-01
1.017999999999999972e+01 9.973791280694129791e-01
1.019999999999999929e+01 9.970482320015611188e-01
1.022000000000000064e+01 9.969835425617047386e-01
1.024000000000000021e+01 9.971935365989236244e-01
1.025999999999999979e+01 9.976632993589661380e-01
1.027999999999999936e+01 9.983551090861869648e-01
1.030000000000000071e+01 9.992110104521069180e-01
1.032000000000000028e+01 1.000157136426461202e+00
1.033999999999999986e+01 1.001109257938070485e+00
1.035999999999999943e+01 1.001979544733779148e+00
1.038000000000000078e+01 1.002683884588316587e+00
1.040000000000000036e+01 1.003148553362108730e+00
1.041999999999999993e+01 1.003316667340666601e+00
1.043999999999999950e+01 1.003152873801071321e+00
1.046000000000000085e+01 1.002646864846122421e+00
1.048000000000000043e+01 1.001814119107645729e+00
1.050000000000000000e+01 1.000695586245308855e+00
1.051999999999999957e+01 9.993545837533774900e-01
1.053999999999999915e+01 9.978717789018831663e-01
1.056000000000000050e+01 9.963393239678847157e-01
1.058000000000000007e+01 9.948539478013194159e-01
1.059999999999999964e+01 9.935092252765531651e-01
1.061999999999999922e+01 9.923886253466581708e-01
1.064000000000000057e+01 9.915590514746250861e-01
1.066000000000000014e+01 9.910659009621451965e-01
1.067999999999999972e+01 9.909299669495501561e-01
1.069999999999999929e+01 9.911461589771933811e-01
1.072000000000000064e+01 9.916841553191343417e-01
1.074000000000000021e+01 9.924914403776254890e-01
1.075999999999999979e+01 9.934978091707233894e-01
1.077999999999999936e+01 9.946210474630142739e-01
1.080000000000000071e+01 9.957739762189466992e-01
1.082000000000000028e+01 9.968713500816801520e-01
1.083999999999999986e+01 9.978362054290480510e-01
1.085999999999999943e+01 9.986062058828176768e-01
1.088000000000000078e+01 9.991376237384781422e-01
1.090000000000000036e+01 9.994088061162951231e-01
1.091999999999999993e+01 9.994203761677774578e-01
1.093999999999999950e+01 9.991949623524012392e-01
1.096000000000000085e+01 9.987739835234659136e-01
1.098000000000000043e+01 9.982135999853506414e-01
1.100000000000000000e+01 9.975793739764817758e-01
1.101999999999999957e+01 9.969400556703414962e-01
1.103999999999999915e+01 9.963613702245154302e-01
1.106000000000000050e+01 9.959006687418860970e-01
1.108000000000000007e+01 9.956017034190238757e-01
1.109999999999999964e+01 9.954913109872495225e-01
1.111999999999999922e+01 9.955774522847579133e-01
1.114000000000000057e+01 9.958490522065035488e-01
1.116000000000000014e+01 9.962775516660437036e-01
1.117999999999999972e+01 9.968198874799145681e-01
1.119999999999999929e+01 9.974230134164960848e-01
1.122000000000000064e+01 9.980290926066242019e-01
1.124000000000000021e+01 9.985806998314491478e-01
1.125999999999999979e+01 9.990269463119103577e-01
1.127999999999999936e+01 9.993277821638417713e-01
1.130000000000000071e+01 9.994579933015153017e-01
1.132000000000000028e+01 9.994097941072362934e-01
1.133999999999999986e+01 9.991933858403273527e-01
1.135999999999999943e+01 9.988364105680445082e-01
1.138000000000000078e+01 9.983814110836002342e-01
1.140000000000000036e+01 9.978820296504611331e-01
1.141999999999999993e+01 9.973982824478652143e-01
1.143999999999999950e+01 9.969911777105592288e-01
1.146000000000000085e+01 9.967170699309821913e-01
1.148000000000000043e+01 9.966223288640464473e-01
1.150000000000000000e+01 9.967390216938446512e-01
1.151999999999999957e+01 9.970817872239078339e-01
1.153999999999999915e+01 9.976457604010338098e-01
1.156000000000000050e+01 9.984067410337719162e-01
1.158000000000000007e+01 9.993226286546115222e-01
1.159999999999999964e+01 1.000336298100740429e+00
1.161999999999999922e+01 1.001380277513588268e+00
1.164000000000000057e+01 1.002382071857675472e+00
1.166000000000000014e+01 1.003269683490562558e+00
1.167999999999999972e+01 1.003977515977507284e+00
1.169999999999999929e+01 1.004452091865372099e+00
1.172000000000000064e+01 1.004656396528826212e+00
1.174000000000000021e+01 1.004572676881117621e+00
1.175999999999999979e+01 1.004204899405181539e+00
1.177999999999999936e+01 1.003578129548921005e+00
1.180000000000000071e+01 1.002737357517685446e+00
1.182000000000000028e+01 1.001743975906283612e+00
1.183999999999999986e+01 1.000671549000755833e+00
1.185999999999999943e+01 9.996002631319548248e-01
1.188000000000000078e+01 9.986110005300469217e-01
1.190000000000000036e+01 9.977793495587153894e-01
1.191999999999999993e+01 9.971701679399682661e-01
1.193999999999999950e+01 9.968326310023665204e-01
1.196000000000000085e+01 9.967968641222392234e-01
1.198000000000000043e+01 9.970715893434711763e-01
1.200000000000000000e+01 9.976438755080561105e-01
1.201999999999999957e+01 9.984799291392366660e-01
1.203999999999999915e+01 9.995279505088291438e-01
1.206000000000000050e+01 1.000721813486068923e+00
1.208000000000000007e+01 1.001985863474116556e+00
1.209999999999999964e+01 1.003240274465803106e+00
1.211999999999999922e+01 1.004406898190046471e+00
1.214000000000000057e+01 1.005414329797663209e+00
1.216000000000000014e+01 1.006202742444313181e+00
1.217999999999999972e+01 1.006727529079459060e+00
1.219999999999999929e+01 1.006962246512425496e+00
1.222000000000000064e+01 1.006899367888403063e+00
1.224000000000000021e+01 1.006550607953362375e+00
1.225999999999999979e+01 1.005945089511921076e+00
1.227999999999999936e+01 1.005126989774417279e+00
1.230000000000000071e+01 1.004151956308737104e+00
1.232000000000000028e+01 1.003082842859967849e+00
1.233999999999999986e+01 1.001985427146721230e+00
1.235999999999999943e+01 1.000923813868407786e+00
1.238000000000000078e+01 9.999565345496521651e-01
1.240000000000000036e+01 9.991328627352893399e-01
1.241999999999999993e+01 9.984903469282707666e-01
1.243999999999999950e+01 9.980532525058811721e-01
1.246000000000000085e+01 9.978314899799505255e-01
1.248000000000000043e+01 9.978213770714713382e-01
1.250000000000000000e+01 9.980065109268223544e-01
1.251999999999999957e+01 9.983600392127808254e-01
1.253999999999999915e+01 9.988469680199972833e-01
1.256000000000000050e+01 9.994271490949554471e-01
1.258000000000000007e+01 1.000058005155724183e+00
1.259999999999999964e+01 1.000697637090941283e+00
1.261999999999999922e+01 1.001307261739735610e+00
1.264000000000000057e+01 1.001853219980177512e+00
1.266000000000000014e+01 1.002308617864514195e+00
1.267999999999999972e+01 1.002654199587216466e+00
1.269999999999999929e+01 1.002878865381115814e+00
1.272000000000000064e+01 1.002979318832544653e+00
1.274000000000000021e+01 1.002959487028824981e+00
1.275999999999999979e+01 1.002829485902165807e+00
1.277999999999999936e+01 1.002604422962462438e+00
1.280000000000000071e+01 1.002302809788336635e+00
1.282000000000000028e+01 1.001945447480515172e+00
1.283999999999999986e+01 1.001553693621510588e+00
1.285999999999999943e+01 1.001148544592850964e+00
1.288000000000000078e+01 1.000749612449987058e+00
1.290000000000000036e+01 1.000373997499213408e+00
1.291999999999999993e+01 1.000036194099207520e+00
1.293999999999999950e+01 9.997473165545024409e-01
1.296000000000000085e+01 9.995148986191406681e-01
1.298000000000000043e+01 9.993431473097025286e-01
1.300000000000000000e+01 9.992327990857059472e-01
1.301999999999999957e+01 9.991811465051908536e-01
1.303999999999999915e+01 9.991826838991690884e-01
1.306000000000000050e+01 9.992290725870289769e-01
1.308000000000000007e+01 9.993097799060337572e-01
1.309999999999999964e+01 9.994123761537486716e-01
1.311999999999999922e+01 9.995235002561613236e-01
1.314000000000000057e+01 9.996289785923543336e-01
1.316000000000000014e+01 9.997150584036267329e-01
1.317999999999999972e+01 9.997689615877989322e-01
1.319999999999999929e+01 9.997797115308107996e-01
1.322000000000000064e+01 9.997390634934807396e-01
1.324000000000000021e+01 9.996422602267432955e-01
1.325999999999999979e+01 9.994883932097782253e-01
1.327999999999999936e+01 9.992809817412652285e-01
1.330000000000000071e+01 9.990281604323242304e-01
1.332000000000000028e+01 9.987422587637336813e-01
1.333999999999999986e+01 9.984394944866392674e-01
1.335999999999999943e+01 9.981391202939772223e-01
1.338000000000000078e+01 9.978620843494314663e-01
1.340000000000000036e+01 9.976297575959440778e-01
1.341999999999999993e+01 9.974624536338935199e-01
1.343999999999999950e+01 9.973776887084256915e-01
1.346000000000000085e+01 9.973885662896956328e-01
1.348000000000000043e+01 9.975026661661648975e-01
1.350000000000000000e+01 9.977208890341439096e-01
1.351999999999999957e+01 9.980369086209086582e-01
1.353999999999999915e+01 9.984372792774934835e-01
1.356000000000000050e+01 9.989017050329459524e-01
1.358000000000000007e+01 9.994041712012867729e-01
1.359999999999999964e+01 9.999148217046752718e-01
1.361999999999999922e+01 1.000401496460020301e+00
1.364000000000000057e+01 1.000832385467456342e+00
1.366000000000000014e+01 1.001178122167795559e+00
1.367999999999999972e+01 1.001414395066960505e+00
1.369999999999999929e+01 1.001523732715328796e+00
1.372000000000000064e+01 1.001497166061966260e+00
1.374000000000000021e+01 1.001335395432719544e+00
1.375999999999999979e+01 1.001048826960547755e+00
1.377999999999999936e+01 1.000657342330859123e+00
1.380000000000000071e+01 1.000189059798568314e+00
1.382000000000000028e+01 9.996782560536138229e-01
1.383999999999999986e+01 9.991632000197907537e-01
1.385999999999999943e+01 9.986832638838089027e-01
1.388000000000000078e+01 9.982755830934338936e-01
1.390000000000000036e+01 9.979725902083239619e-01
1.391999999999999993e+01 9.977990953710004218e-01
1.393999999999999950e+01 9.977703398276589475e-01
1.396000000000000085e+01 9.978904342873832212e-01
1.398000000000000043e+01 9.981520184484391489e-01
1.400000000000000000e+01 9.985362904976715637e-01
1.401999999999999957e+01 9.990146072051634407e-01
1.403999999999999915e+01 9.995504886388911769e-01
1.406000000000000050e+01 1.000102180108322969e+00
1.408000000000000007e+01 1.000625974350168645e+00
1.409999999999999964e+01 1.001079817827237539e+00
1.411999999999999922e+01 1.001426314480514668e+00
1.414000000000000057e+01 1.001636275079146321e+00
1.416000000000000014e+01 1.001690577486632705e+00
1.417999999999999972e+01 1.001582477121214954e+00
1.419999999999999929e+01 1.001317778279264381e+00
1.422000000000000064e+01 1.000914952387760515e+00
1.424000000000000021e+01 1.000403760233858685e+00
1.425999999999999979e+01 9.998230106229751835e-01
1.427999999999999936e+01 9.992174639317805696e-01
1.430000000000000071e+01 9.986347103090312816e-01
1.432000000000000028e+01 9.981212025380036268e-01
1.433999999999999986e+01 9.977186804486571914e-01
1.435999999999999943e+01 9.974608296966925858e-01
1.438000000000000078e+01 9.973704278814233826e-01
1.440000000000000036e+01 9.974576869820336311e-01
1.441999999999999993e+01 9.977191186789098332e-01
1.443999999999999950e+01 9.981378834241031450e-01
1.446000000000000085e+01 9.986848473710415730e-01
1.448000000000000043e+01 9.993210500939434526e-01
1.450000000000000000e+01 1.000000253141212436e+00
1.451999999999999957e+01 1.000672832606084306e+00
1.453999999999999915e+01 1.001289488104632808e+00
1.456000000000000050e+01 1.001804971604883132e+00
1.458000000000000007e+01 1.002181533813741199e+00
1.459999999999999964e+01 1.002391889704191019e+00
1.461999999999999922e+01 1.002421105235164811e+00
1.464000000000000057e+01 1.002267666301016824e+00
1.466000000000000014e+01 1.001943587493086207e+00
1.467999999999999972e+01 1.001473119763315101e+00
1.469999999999999929e+01 1.000891069122169297e+00
1.472000000000000064e+01 1.000239583024142398e+00
1.474000000000000021e+01 9.995651621312668933e-01
1.475999999999999979e+01 9.989150995342255257e-01
1.477999999999999936e+01 9.983335515307922847e-01
1.480000000000000071e+01 9.978585330987251867e-01
1.482000000000000028e+01 9.975192349071436704e-01
1.483999999999999986e+01 9.973340051110829441e-01
1.485999999999999943e+01 9.973093848798636474e-01
1.488000000000000078e+01 9.974400890744801185e-01
1.490000000000000036e+01 9.977098739243178693e-01
1.491999999999999993e+01 9.980934309893021439e-01
1.493999999999999950e+01 9.985585607325980773e-01
1.496000000000000085e+01 9.990695063740366866e-01
1.498000000000000043e+01 9.995896729653965807e-01
1.500000000000000000e+01 1.000084814119427401e+00
1.501999999999999957e+01 1.000525753399784223e+00
1.503999999999999915e+01 1.000890595893010548e+00
1.506000000000000050e+01 1.001165995991053714e+00
1.508000000000000007e+01 1.001347879594294277e+00
1.509999999999999964e+01 1.001441139628208354e+00
1.511999999999999922e+01 1.001458751349961762e+00
1.514000000000000057e+01 1.001419682465130911e+00
1.516000000000000014e+01 1.001346965059368044e+00
1.517999999999999972e+01 1.001265009006740092e+00
1.519999999999999929e+01 1.001196984884683117e+00
1.522000000000000064e+01 1.001162468689072549e+00
1.524000000000000021e+01 1.001175297774506756e+00
1.525999999999999979e+01 1.001242309576928946e+00
1.527999999999999936e+01 1.001362618723548037e+00
1.530000000000000071e+01 1.001527715489727521e+00
1.532000000000000028e+01 1.001722138505179771e+00
1.533999999999999986e+01 1.001925242883505041e+00
1.535999999999999943e+01 1.002113145712573816e+00
1.538000000000000078e+01 1.002261085948470853e+00
1.540000000000000036e+01 1.002345908929002327e+00
1.541999999999999993e+01 1.002348674375330706e+00
1.543999999999999950e+01 1.002256293205106008e+00
1.546000000000000085e+01 1.002063436547374398e+00
1.548000000000000043e+01 1.001773054689159670e+00
1.550000000000000000e+01 1.001396749918677331e+00
1.551999999999999957e+01 1.000953632857875197e+00
1.553999999999999915e+01 1.000469376586359926e+00
1.556000000000000050e+01 9.999737683232033936e-01
1.558000000000000007e+01 9.994985155596969317e-01
1.559999999999999964e+01 9.990745984849849215e-01
1.561999999999999922e+01 9.987294547593839056e-01
1.564000000000000057e+01 9.984848430191868296e-01
1.566000000000000014e+01 9.983548165090830873e-01
1.567999999999999972e+01 9.983445081320454495e-01
1.569999999999999929e+01 9.984496261639780323e-01
1.572000000000000064e+01 9.986568877994440596e-01
1.574000000000000021e+01 9.989448691497536670e-01
1.575999999999999979e+01 9.992860598633651614e-01
1.577999999999999936e+01 9.996489486433117744e-01
1.580000000000000071e+01 1.000000882789924495e+00
1.582000000000000028e+01 1.000310674033523028e+00
1.583999999999999986e+01 1.000551323661843739e+00
1.585999999999999943e+01 1.000702356733757847e+00
1.588000000000000078e+01 1.000751445225712244e+00
1.590000000000000036e+01 1.000695418712679086e+00
1.591999999999999993e+01 1.000540760194433387e+00
1.593999999999999950e+01 1.000302670498108615e+00
1.596000000000000085e+01 1.000004001724805747e+00
1.598000000000000043e+01 9.996731421021840536e-01
1.600000000000000000e+01 9.993416414095867006e-01
1.601999999999999957e+01 9.990413501200406943e-01
1.603999999999999915e+01 9.988019460845934949e-01
1.605999999999999872e+01 9.986479311720476426e-01
1.607999999999999829e+01 9.985969742755606005e-01
1.610000000000000142e+01 9.986580842820487192e-01
1.612000000000000099e+01 9.988308896093370803e-01
1.614000000000000057e+01 9.991056963255460222e-01
1.616000000000000014e+01 9.994642272504355995e-01
1.617999999999999972e+01 9.998809454035684219e-01
1.619999999999999929e+01 1.000325545849611641e+00
1.621999999999999886e+01 1.000765157551128048e+00
1.623999999999999844e+01 1.001167026193184872e+00
1.626000000000000156e+01 1.001501357801267256e+00
1.628000000000000114e+01 1.001743645378919467e+00
1.630000000000000071e+01 1.001876528042827896e+00
1.632000000000000028e+01 1.001891186665788469e+00
1.633999999999999986e+01 1.001787965508720513e+00
1.635999999999999943e+01 1.001576226465297870e+00
1.637999999999999901e+01 1.001273308025769415e+00
1.639999999999999858e+01 1.000903178518687930e+00
1.642000000000000171e+01 1.000494294446411248e+00
1.644000000000000128e+01 1.000077161876145482e+00
1.646000000000000085e+01 9.996818710098184235e-01
1.648000000000000043e+01 9.993356487061156868e-01
1.650000000000000000e+01 9.990607402427560402e-01
1.651999999999999957e+01 9.988727952793245990e-01
1.653999999999999915e+01 9.987797093690548023e-01
1.655999999999999872e+01 9.987812274802948531e-01
1.657999999999999829e+01 9.988694802005579909e-01
1.660000000000000142e+01 9.990294718409352681e-01
1.662000000000000099e+01 9.992411551452039520e-01
1.664000000000000057e+01 9.994807410453981911e-01
1.666000000000000014e+01 9.997234090376589943e-01
1.667999999999999972e+01 9.999450738203776723e-01
1.669999999999999929e+01 1.000124578824469923e+00
1.671999999999999886e+01 1.000245478845966041e+00
1.673999999999999844e+01 1.000297195949262585e+00
1.676000000000000156e+01 1.000275860485229096e+00
1.678000000000000114e+01 1.000184139866107991e+00
1.680000000000000071e+01 1.000031199654434433e+00
1.682000000000000028e+01 9.998312246433540551e-01
1.683999999999999986e+01 9.996023864075767040e-01
1.685999999999999943e+01 9.993648167484601164e-01
1.687999999999999901e+01 9.991388999751831257e-01
1.689999999999999858e+01 9.989435773117331108e-01
1.692000000000000171e+01 9.987947067164634207e-01
1.694000000000000128e+01 9.987036509997160305e-01
1.696000000000000085e+01 9.986767416263624408e-01
1.698000000000000043e+01 9.987147463077258314e-01
1.700000000000000000e+01 9.988132471928446998e-01
1.701999999999999957e+01 9.989631457897952815e-01
1.703999999999999915e+01 9.991517674728508380e-01
1.705999999999999872e+01 9.993643024688486642e-01
1.707999999999999829e+01 9.995850218162758427e-01
1.710000000000000142e+01 9.997988282343581723e-01
1.712000000000000099e+01 9.999927103611134793e-01
1.714000000000000057e+01 1.000156587187332802e+00
1.716000000000000014e+01 1.000284061024880433e+00
1.717999999999999972e+01 1.000372780641356929e+00
1.719999999999999929e+01 1.000424161649480670e+00
1.721999999999999886e+01 1.000443066213756893e+00
1.723999999999999844e+01 1.000436761096676674e+00
1.726000000000000156e+01 1.000414095611171117e+00
1.728000000000000114e+01 1.000384175483457927e+00
1.730000000000000071e+01 1.000355300518980251e+00
1.732000000000000028e+01 1.000333952013706895e+00
1.733999999999999986e+01 1.000324210534852654e+00
1.735999999999999943e+01 1.000327177726158867e+00
1.737999999999999901e+01 1.000341035686596269e+00
1.739999999999999858e+01 1.000361401270975170e+00
1.742000000000000171e+01 1.000381930800486430e+00
1.744000000000000128e+01 1.000395215266440596e+00
1.746000000000000085e+01 1.000393921652714901e+00
1.748000000000000043e+01 1.000371758434586589e+00
1.750000000000000000e+01 1.000324644202579938e+00
1.751999999999999957e+01 1.000251239763617184e+00
1.753999999999999915e+01 1.000153685869050291e+00
1.755999999999999872e+01 1.000037499785646267e+00
1.757999999999999829e+01 9.999113472979127559e-01
1.760000000000000142e+01 9.997863574465057912e-01
1.762000000000000099e+01 9.996751086261862485e-01
1.764000000000000057e+01 9.995902470353976721e-01
1.766000000000000014e+01 9.995432807897246530e-01
1.767999999999999972e+01 9.995430915658802817e-01
1.769999999999999929e+01 9.995947881371547439e-01
1.771999999999999886e+01 9.996987748142431851e-01
1.773999999999999844e+01 9.998504055298350623e-01
1.776000000000000156e+01 1.000039681595465302e+00
1.778000000000000114e+01 1.000252190153227083e+00
1.780000000000000071e+01 1.000469665121877627e+00
1.782000000000000028e+01 1.000671780240131925e+00
1.783999999999999986e+01 1.000837642001674022e+00
1.785999999999999943e+01 1.000947765801925238e+00
1.787999999999999901e+01 1.000986203052398160e+00
1.789999999999999858e+01 1.000941751777561617e+00
1.792000000000000171e+01 1.000809855525887748e+00
1.794000000000000128e+01 1.000593139210477434e+00
1.796000000000000085e+01 1.000301696121290718e+00
1.798000000000000043e+01 9.999528422418740847e-01
1.800000000000000000e+01 9.995698526074235923e-01
1.801999999999999957e+01 9.991805431233916623e-01
1.803999999999999915e+01 9.988149665621652851e-01
1.805999999999999872e+01 9.985030019236339482e-01
1.807999999999999829e+01 9.982718785887715329e-01
1.810000000000000142e+01 9.981438791218176787e-01
1.812000000000000099e+01 9.981339762581483699e-01
1.814000000000000057e+01 9.982485377206409272e-01
1.816000000000000014e+01 9.984842012926515853e-01
1.817999999999999972e+01 9.988280090981586090e-01
1.819999999999999929e+01 9.992579846891046502e-01
1.821999999999999886e+01 9.997447136172310511e-01
1.823999999999999844e+01 1.000253517315896623e+00
1.826000000000000156e+01 1.000747054930355429e+00
1.828000000000000114e+01 1.001188630933135704e+00
1.830000000000000071e+01 1.001544919436300196e+00
1.832000000000000028e+01 1.001789031302188437e+00
1.833999999999999986e+01 1.001902920741314373e+00
1.835999999999999943e+01 1.001878976497298179e+00
1.837999999999999901e+01 1.001721043473831951e+00
1.839999999999999858e+01 1.001444280678426946e+00
1.842000000000000171e+01 1.001074183158936926e+00
1.844000000000000128e+01 1.000644575226425248e+00
1.846000000000000085e+01 1.000194940674320465e+00
1.848000000000000043e+01 9.997672141902389509e-01
1.850000000000000000e+01 9.994021570827210654e-01
1.851999999999999957e+01 9.991358357688640002e-01
1.853999999999999915e+01 9.989963606308116528e-01
1.855999999999999872e+01 9.990011997036248870e-01
1.857999999999999829e+01 9.991553394383571041e-01
1.860000000000000142e+01 9.994505624422731493e-01
1.862000000000000099e+01 9.998655578168677005e-01
1.864000000000000057e+01 1.000367330442957448e+00
1.866000000000000014e+01 1.000913742101880555e+00
1.867999999999999972e+01 1.001456586461722198e+00
1.869999999999999929e+01 1.001945507989262518e+00
1.871999999999999886e+01 1.002332366323715362e+00
1.873999999999999844e+01 1.002575024275973670e+00
1.876000000000000156e+01 1.002641228992490641e+00
1.878000000000000114e+01 1.002511842879977300e+00
1.880000000000000071e+01 1.002182570068790302e+00
1.882000000000000028e+01 1.001665047757944960e+00
1.883999999999999986e+01 1.000986527851846386e+00
1.885999999999999943e+01 1.000188315049783894e+00
1.887999999999999901e+01 9.993224651314536189e-01
1.889999999999999858e+01 9.984487372563882746e-01
1.892000000000000171e+01 9.976297807605497558e-01
1.894000000000000128e+01 9.969261198899501686e-01
1.896000000000000085e+01 9.963919059347352558e-01
1.898000000000000043e+01 9.960702707615416429e-01
1.900000000000000000e+01 9.959896369881959810e-01
1.901999999999999957e+01 9.961615181132329466e-01
1.903999999999999915e+01 9.965789108527240980e-01
1.905999999999999872e+01 9.972168544788112543e-01
1.907999999999999829e+01 9.980337561472165664e-01
1.910000000000000142e+01 9.989741684301107760e-01
1.912000000000000099e+01 9.999732387901293373e-01
1.914000000000000057e+01 1.000960862674895591e+00
1.916000000000000014e+01 1.001867419817615623e+00
1.917999999999999972e+01 1.002628632604127379e+00
1.919999999999999929e+01 1.003190661719248533e+00
1.921999999999999886e+01 1.003514291491542476e+00
1.923999999999999844e+01 1.003577677384992040e+00
1.926000000000000156e+01 1.003378275941409825e+00
1.928000000000000114e+01 1.002933011204651725e+00
1.930000000000000071e+01 1.002276994713092506e+00
1.932000000000000028e+01 1.001460999528690277e+00
1.933999999999999986e+01 1.000547545489650192e+00
1.935999999999999943e+01 9.996062503504519192e-01
1.937999999999999901e+01 9.987080733149469314e-01
1.939999999999999858e+01 9.979207672380667749e-01
1.942000000000000171e+01 9.973030358688661501e-01
1.944000000000000128e+01 9.969003509618797887e-01
1.946000000000000085e+01 9.967416251107817926e-01
1.948000000000000043e+01 9.968369602661514284e-01
1.950000000000000000e+01 9.971770289141146382e-01
1.951999999999999957e+01 9.977340009900631523e-01
1.953999999999999915e+01 9.984634419089436497e-01
1.955999999999999872e+01 9.993083757585474736e-01
1.957999999999999829e+01 1.000203173619396368e+00
1.960000000000000142e+01 1.001078841352139426e+00
1.962000000000000099e+01 1.001868686624001414e+00
1.964000000000000057e+01 1.002512680448127691e+00
1.966000000000000014e+01 1.002962538906326362e+00
1.967999999999999972e+01 1.003185095281619477e+00
1.969999999999999929e+01 1.003164794567710461e+00
1.971999999999999886e+01 1.002904646506274311e+00
1.973999999999999844e+01 1.002425759651296655e+00
1.976000000000000156e+01 1.001765763724242309e+00
1.978000000000000114e+01 1.000975422967760986e+00
1.980000000000000071e+01 1.000114973414618413e+00
1.982000000000000028e+01 9.992492230125389341e-01
1.983999999999999986e+01 9.984426813853884974e-01
1.985999999999999943e+01 9.977546081291092106e-01
1.987999999999999901e+01 9.972344971946310865e-01
1.989999999999999858e+01 9.969187320883259318e-01
1.992000000000000171e+01 9.968277403093909195e-01
1.994000000000000128e+01 9.969648584444664730e-01
1.996000000000000085e+01 9.973162706773157637e-01
1.998000000000000043e+01 9.978524173565351818e-01
2.000000000000000000e+01 9.985302393378031605e-01
