# r(Angstrom) g(r)
0.000000000000000000e+00 nan
3.006800000000000098e-02 4.557879457246172272e-03
6.011299999999999977e-02 2.246503538135524725e-02
9.015800000000000203e-02 4.896679236586731765e-02
1.202030000000000043e-01 8.176222330432902918e-02
1.502479999999999927e-01 1.179649753356327713e-01
1.802930000000000088e-01 1.543839959011615859e-01
2.103379999999999972e-01 1.878719328143302336e-01
2.403830000000000133e-01 2.154980856328018168e-01
2.704280000000000017e-01 2.347622806284960228e-01
3.004729999999999901e-01 2.436869698742333279e-01
3.305179999999999785e-01 2.408650427983559661e-01
3.605630000000000224e-01 2.255436776139223554e-01
3.906080000000000108e-01 1.976443428617135067e-01
4.206529999999999991e-01 1.578279439872922740e-01
4.506979999999999875e-01 1.076058464871275655e-01
4.807429999999999759e-01 4.939291870780782023e-02
5.107880000000000198e-01 -1.342929484386523598e-02
5.408330000000000082e-01 -7.655038426739468882e-02
5.708779999999999966e-01 -1.349428051170022957e-01
6.009229999999999849e-01 -1.831801201069596097e-01
6.309679999999999733e-01 -2.159835096696103296e-01
6.610139999999999905e-01 -2.288670721669201491e-01
6.910589999999999788e-01 -2.188767486695233355e-01
7.211039999999999672e-01 -1.852759609540548524e-01
7.511489999999999556e-01 -1.300699649534022839e-01
7.811940000000000550e-01 -5.823160099616120355e-02
8.112390000000000434e-01 2.246071175688335586e-02
8.412840000000000318e-01 1.020232188729497391e-01
8.713290000000000202e-01 1.693134127099999997e-01
9.013740000000000085e-01 2.133893818938730202e-01
9.314189999999999969e-01 2.250807166407517990e-01
9.614639999999999853e-01 1.985182866965516935e-01
9.915089999999999737e-01 1.324027290363942733e-01
1.021554000000000073e+00 3.079327539497789257e-02
1.051598999999999950e+00 -9.678049952006251289e-02
1.081644000000000050e+00 -2.359303810395838585e-01
1.111688999999999927e+00 -3.687898518799481717e-01
1.141734000000000027e+00 -4.760068481265620211e-01
1.171778999999999904e+00 -5.391048682982551021e-01
1.201824000000000003e+00 -5.429566903488098895e-01
1.231869000000000103e+00 -4.779893979820812877e-01
1.261913999999999980e+00 -3.418245010652389837e-01
1.291959000000000080e+00 -1.400626160835987122e-01
1.322003999999999957e+00 1.139053579935591642e-01
1.352049000000000056e+00 4.001067801464673890e-01
1.382095000000000073e+00 6.940961154926559296e-01
1.412139999999999951e+00 9.696824113106916609e-01
1.442185000000000050e+00 1.201948202756738082e+00
1.472229999999999928e+00 1.370159743571000455e+00
1.502275000000000027e+00 1.460172868991558071e+00
1.532319999999999904e+00 1.465991863437003051e+00
1.562365000000000004e+00 1.390313395932320617e+00
1.592410000000000103e+00 1.243952042942074065e+00
1.622454999999999981e+00 1.044269365817048767e+00
1.652500000000000080e+00 8.128249167431316202e-01
1.682544999999999957e+00 5.726068500566474651e-01
1.712590000000000057e+00 3.452184550089608672e-01
1.742634999999999934e+00 1.484521366328895864e-01
1.772680000000000033e+00 -5.467030426548502575e-03
1.802724999999999911e+00 -1.107160367477963980e-01
1.832770000000000010e+00 -1.677249498439636888e-01
1.862815000000000110e+00 -1.821304792433124931e-01
1.892859999999999987e+00 -1.630350954959938203e-01
1.922905000000000086e+00 -1.208918737612916239e-01
1.952949999999999964e+00 -6.537782520115031915e-02
1.982995000000000063e+00 -3.609684286952630217e-03
2.013040000000000163e+00 6.102079482127809040e-02
2.043085000000000040e+00 1.292067195386051859e-01
2.073129999999999917e+00 2.052423970748956661e-01
2.103174999999999795e+00 2.958108457991951434e-01
2.133220000000000116e+00 4.082377603962016321e-01
2.163264999999999993e+00 5.485630849083997784e-01
2.193309999999999871e+00 7.197191255418121658e-01
2.223355999999999888e+00 9.201794265954228447e-01
2.253401000000000209e+00 1.143294440779748955e+00
2.283446000000000087e+00 1.377469448621043924e+00
2.313490999999999964e+00 1.607162161032005709e+00
2.343535999999999841e+00 1.814593484828086023e+00
2.373581000000000163e+00 1.981918882987264485e+00
2.403626000000000040e+00 2.093538937310320591e+00
2.433670999999999918e+00 2.138222209010645969e+00
2.463715999999999795e+00 2.110731428852470781e+00
2.493761000000000116e+00 2.012688798647349842e+00
2.523805999999999994e+00 1.852590828361809550e+00
2.553850999999999871e+00 1.644944650718536128e+00
2.583896000000000193e+00 1.408642946105807869e+00
2.613941000000000070e+00 1.164820647639652318e+00
2.643985999999999947e+00 9.344709694234032415e-01
2.674030999999999825e+00 7.361361789341158701e-01
2.704076000000000146e+00 5.839822963642411491e-01
2.734121000000000024e+00 4.864642648557317983e-01
2.764165999999999901e+00 4.457580911344319885e-01
2.794210999999999778e+00 4.579612965261917745e-01
2.824256000000000100e+00 5.140152478532176161e-01
2.854300999999999977e+00 6.011660715993747406e-01
2.884345999999999854e+00 7.047607058431718530e-01
2.914391999999999872e+00 8.101142928305710145e-01
2.944437000000000193e+00 9.042115044895967513e-01
2.974482000000000070e+00 9.770528593038465548e-01
3.004526999999999948e+00 1.022492705062392648e+00
3.034571999999999825e+00 1.038530271883838951e+00
3.064617000000000147e+00 1.027066742267789712e+00
3.094662000000000024e+00 9.932231363925758671e-01
3.124706999999999901e+00 9.443460398962769675e-01
3.154751999999999779e+00 8.888752007729070481e-01
3.184797000000000100e+00 8.352196980808265225e-01
3.214841999999999977e+00 7.907915573886044047e-01
3.244886999999999855e+00 7.612837956982001497e-01
3.274932000000000176e+00 7.502527954618255501e-01
3.304977000000000054e+00 7.590046661026845776e-01
3.335021999999999931e+00 7.867587636760033920e-01
3.365066999999999808e+00 8.310015618580931518e-01
3.395112000000000130e+00 8.879823329029711276e-01
3.425157000000000007e+00 9.532441219618550399e-01
3.455201999999999884e+00 1.022131283649446276e+00
3.485247000000000206e+00 1.090223128402334707e+00
3.515292000000000083e+00 1.153654221726821527e+00
3.545336999999999961e+00 1.209328060266086968e+00
3.575381999999999838e+00 1.255021328902329536e+00
3.605427999999999855e+00 1.289392943523835378e+00
3.635473000000000177e+00 1.311945475545664541e+00
3.665518000000000054e+00 1.322928211030268031e+00
3.695562999999999931e+00 1.323232117456327073e+00
3.725607999999999809e+00 1.314262640917629232e+00
3.755653000000000130e+00 1.297814229899360461e+00
3.785698000000000008e+00 1.275933187183122097e+00
3.815742999999999885e+00 1.250781336810204536e+00
3.845788000000000206e+00 1.224494075075982513e+00
3.875833000000000084e+00 1.199040714632035209e+00
3.905877999999999961e+00 1.176096304760105848e+00
3.935922999999999838e+00 1.156934298912241532e+00
3.965968000000000160e+00 1.142351349840907693e+00
3.996013000000000037e+00 1.132638276095424112e+00
4.026057999999999915e+00 1.127597472182384264e+00
4.056104000000000376e+00 1.126607956186588710e+00
4.086147999999999669e+00 1.128731732501592422e+00
4.116194000000000131e+00 1.132844359909969789e+00
4.146238000000000312e+00 1.137774388695416139e+00
4.176283999999999885e+00 1.142433225280167441e+00
4.206328000000000067e+00 1.145917090489940948e+00
4.236373999999999640e+00 1.147569741591503600e+00
4.266417999999999822e+00 1.147001696610585375e+00
4.296464000000000283e+00 1.144067101940179132e+00
4.326508999999999716e+00 1.138812410336626613e+00
4.356554000000000038e+00 1.131402177395974373e+00
4.386599000000000359e+00 1.122044859991990329e+00
4.416643999999999792e+00 1.110935234902826751e+00
4.446689000000000114e+00 1.098212220141395079e+00
4.476734000000000435e+00 1.083951532323516487e+00
4.506778999999999868e+00 1.068184360694721891e+00
4.536824000000000190e+00 1.050932839495432480e+00
4.566868999999999623e+00 1.032261114816028336e+00
4.596913999999999945e+00 1.012315432735626519e+00
4.626959000000000266e+00 9.913573573682586959e-01
4.657003999999999699e+00 9.697680673996957879e-01
4.687049000000000021e+00 9.480346707853963828e-01
4.717094000000000342e+00 9.267055934002219608e-01
4.747138999999999776e+00 9.063397975395925954e-01
4.777184000000000097e+00 8.874443436534061869e-01
4.807229000000000418e+00 8.704261467741551961e-01
4.837274999999999991e+00 8.555504350314593331e-01
4.867319000000000173e+00 8.429358913226125960e-01
4.897364999999999746e+00 8.325612831308226713e-01
4.927408999999999928e+00 8.243067490173352496e-01
4.957455000000000389e+00 8.179997167237549327e-01
4.987498999999999683e+00 8.134701132227781795e-01
5.017545000000000144e+00 8.105970661525119247e-01
5.047589000000000325e+00 8.093389729506026420e-01
5.077634999999999899e+00 8.097418064460084608e-01
5.107679000000000080e+00 8.119244057104859635e-01
5.137724999999999653e+00 8.160400303784849374e-01
5.167768999999999835e+00 8.222270599659939894e-01
5.197815000000000296e+00 8.305548025949244240e-01
5.227858999999999590e+00 8.409773847924444379e-01
5.257905000000000051e+00 8.533015054832095991e-01
5.287950000000000372e+00 8.671756639629535357e-01
5.317994999999999806e+00 8.821123266554818931e-01
5.348040000000000127e+00 8.975182361461787606e-01
5.378084999999999560e+00 9.127567630619687344e-01
5.408131000000000022e+00 9.272047120932447317e-01
5.438175000000000203e+00 9.403185459539223912e-01
5.468220999999999776e+00 9.516839022855754227e-01
5.498264999999999958e+00 9.610488750312194961e-01
5.528311000000000419e+00 9.683405509601559213e-01
5.558354999999999713e+00 9.736547410564045935e-01
5.588401000000000174e+00 9.772343205497164842e-01
5.618445000000000356e+00 9.794300647896839740e-01
5.648490999999999929e+00 9.806587172369642946e-01
5.678535000000000110e+00 9.813593133991435069e-01
5.708580999999999683e+00 9.819558221089010885e-01
5.738626000000000005e+00 9.828259892084314497e-01
5.768671000000000326e+00 9.842799264795705216e-01
5.798715999999999759e+00 9.865499881041818186e-01
5.828761000000000081e+00 9.897816536105321639e-01
5.858806000000000402e+00 9.940337431884589403e-01
5.888850999999999836e+00 9.992811288656037183e-01
5.918896000000000157e+00 1.005415205327218287e+00
5.948940999999999590e+00 1.012254750604400177e+00
5.978985999999999912e+00 1.019552351427596371e+00
6.009031000000000233e+00 1.027011753383140436e+00
6.039075999999999667e+00 1.034308109440933876e+00
6.069120999999999988e+00 1.041116530159343911e+00
6.099166000000000309e+00 1.047140756510485327e+00
6.129210999999999743e+00 1.052147881767995896e+00
6.159256000000000064e+00 1.055994081852531297e+00
6.189301000000000386e+00 1.058643723182664864e+00
6.219345999999999819e+00 1.060178438788123012e+00
6.249392000000000280e+00 1.060785338981280690e+00
6.279435999999999574e+00 1.060734041019434581e+00
6.309482000000000035e+00 1.060335048878670028e+00
6.339526000000000217e+00 1.059897085881382095e+00
6.369571999999999790e+00 1.059677474081577975e+00
6.399615999999999971e+00 1.059839892966238706e+00
6.429662000000000432e+00 1.060429831407867507e+00
6.459705999999999726e+00 1.061364861540208260e+00
6.489752000000000187e+00 1.062448047872520673e+00
6.519796000000000369e+00 1.063401927305735573e+00
6.549841999999999942e+00 1.063914303139456008e+00
6.579886000000000124e+00 1.063692195520155037e+00
6.609931999999999697e+00 1.062514015164866432e+00
6.639977000000000018e+00 1.060267596656760070e+00
6.670022000000000340e+00 1.056968986235388819e+00
6.700066999999999773e+00 1.052764746727683942e+00
6.730112000000000094e+00 1.047902904995150486e+00
6.760157000000000416e+00 1.042693493302624175e+00
6.790201999999999849e+00 1.037456248531099856e+00
6.820247000000000170e+00 1.032466668791186315e+00
6.850291999999999604e+00 1.027916683816963772e+00
6.880336999999999925e+00 1.023886493859354374e+00
6.910382000000000247e+00 1.020343160030006802e+00
6.940427999999999820e+00 1.017160461729512244e+00
6.970472000000000001e+00 1.014156718803365997e+00
7.000517999999999574e+00 1.011144372129399338e+00
7.030561999999999756e+00 1.007980307575919943e+00
7.060608000000000217e+00 1.004607320561861972e+00
7.090652000000000399e+00 1.001076010060740318e+00
7.120697999999999972e+00 9.975475951888853610e-01
7.150743000000000293e+00 9.942659064879705300e-01
7.180787999999999727e+00 9.915184414308820804e-01
7.210833000000000048e+00 9.895763252359404127e-01
7.240878000000000370e+00 9.886401072747337260e-01
7.270922999999999803e+00 9.887909550746151188e-01
7.300968000000000124e+00 9.899626995553829634e-01
7.331012999999999558e+00 9.919392257376615785e-01
7.361057999999999879e+00 9.943814229463148191e-01
7.391103000000000200e+00 9.968728842618678199e-01
7.421147999999999634e+00 9.989868686887511950e-01
7.451192999999999955e+00 1.000351643278263536e+00
7.481238000000000277e+00 1.000713988109024344e+00
7.511282999999999710e+00 9.999789420122805472e-01
7.541328000000000031e+00 9.982248883615345569e-01
7.571373000000000353e+00 9.956879185627117712e-01
7.601417999999999786e+00 9.927202005862638678e-01
7.631463000000000108e+00 9.897261585794119298e-01
7.661508999999999681e+00 9.870920773002699322e-01
7.691552999999999862e+00 9.851200286904817638e-01
7.721599000000000323e+00 9.839743101536522207e-01
7.751642999999999617e+00 9.836592466987008621e-01
7.781689000000000078e+00 9.840207951385483431e-01
7.811733000000000260e+00 9.847832620839397366e-01
7.841778999999999833e+00 9.856031579551511879e-01
7.871823000000000015e+00 9.861382280909848363e-01
7.901868999999999588e+00 9.861158407665309156e-01
7.931912999999999769e+00 9.853868807291211729e-01
7.961959000000000231e+00 9.839557757750959643e-01
7.992003000000000412e+00 9.819842194941033053e-01
8.022049000000000873e+00 9.797599674779570167e-01
8.052094000000000307e+00 9.776466259653737723e-01
8.082138000000000488e+00 9.760150422761887379e-01
8.112183999999999173e+00 9.751739014995038923e-01
8.142229000000000383e+00 9.753112403168289202e-01
8.172273999999999816e+00 9.764573835184852113e-01
8.202317999999999998e+00 9.784764365580991274e-01
8.232364000000000459e+00 9.810884288846842827e-01
8.262408999999999892e+00 9.839172100743635019e-01
8.292453999999999326e+00 9.865578526118484737e-01
8.322497999999999507e+00 9.886463320055576265e-01
8.352543999999999969e+00 9.899233746468328876e-01
8.382588999999999402e+00 9.902801501440846588e-01
8.412634000000000611e+00 9.897740497812158589e-01
8.442678000000000793e+00 9.886167606203272173e-01
8.472723999999999478e+00 9.871319978503406700e-01
8.502769000000000688e+00 9.856967803553906560e-01
8.532814000000000121e+00 9.846693512871024234e-01
8.562858999999999554e+00 9.843272010867492039e-01
8.592904000000000764e+00 9.848146305208311801e-01
8.622949999999999449e+00 9.861205770772943913e-01
8.652993999999999630e+00 9.880832343488389347e-01
8.683039000000000840e+00 9.904231118978419346e-01
8.713084000000000273e+00 9.927972536073262910e-01
8.743130000000000734e+00 9.948639363177714801e-01
8.773173999999999140e+00 9.963484896451608730e-01
8.803219000000000349e+00 9.970946095039076029e-01
8.833263999999999783e+00 9.970913677557675658e-01
8.863310000000000244e+00 9.964759611476136092e-01
8.893354000000000426e+00 9.955060197720059234e-01
8.923398999999999859e+00 9.945111226655256598e-01
8.953443999999999292e+00 9.938312366233050810e-01
8.983489999999999753e+00 9.937508195499894503e-01
9.013534999999999187e+00 9.944503672364914948e-01
9.043578999999999368e+00 9.959693618911665824e-01
9.073624999999999829e+00 9.982031925181262810e-01
9.103669999999999263e+00 1.000922471853977314e+00
9.133715000000000472e+00 1.003817579885950995e+00
9.163759000000000654e+00 1.006556584027693324e+00
9.193804999999999339e+00 1.008848647199714010e+00
9.223850000000000549e+00 1.010495875364639140e+00
9.253894999999999982e+00 1.011431294938022640e+00
9.283939999999999415e+00 1.011727637459904017e+00
9.313985999999999876e+00 1.011581793883853164e+00
9.344030000000000058e+00 1.011275079136016553e+00
9.374074999999999491e+00 1.011117788097857462e+00
9.404120000000000701e+00 1.011385123434668021e+00
9.434165999999999386e+00 1.012263596134149513e+00
9.464211000000000595e+00 1.013809464034144625e+00
9.494255000000000777e+00 1.015933196032241081e+00
9.524300999999999462e+00 1.018411051591525451e+00
9.554346000000000672e+00 1.020919185403774465e+00
9.584391000000000105e+00 1.023088911868707873e+00
9.614435000000000286e+00 1.024570259491781599e+00
9.644481000000000748e+00 1.025091663658121988e+00
9.674526000000000181e+00 1.024508330421532998e+00
9.704570999999999614e+00 1.022827885832628292e+00
9.734614999999999796e+00 1.020209855081067873e+00
9.764661000000000257e+00 1.016941278794758041e+00
9.794705999999999690e+00 1.013389039776373179e+00
9.824750999999999124e+00 1.009941423773732971e+00
9.854794999999999305e+00 1.006946593686204761e+00
9.884840999999999767e+00 1.004660617343018592e+00
9.914885999999999200e+00 1.003212802157126937e+00
9.944931000000000409e+00 1.002592685984327936e+00
9.974975999999999843e+00 1.002662684018072792e+00
1.000502000000000002e+01 1.003191124808803014e+00
1.003506999999999927e+01 1.003899081426696371e+00
1.006511000000000067e+01 1.004514089413931277e+00
1.009515999999999991e+01 1.004817421609137229e+00
1.012519999999999953e+01 1.004679417056778101e+00
1.015525000000000055e+01 1.004076315621045046e+00
1.018529000000000018e+01 1.003085259164870680e+00
1.021533999999999942e+01 1.001861809367038392e+00
1.024538000000000082e+01 1.000601235460315541e+00
1.027543000000000006e+01 9.994949858940080922e-01
1.030546999999999969e+01 9.986911911627438521e-01
1.033552000000000071e+01 9.982624983798071838e-01
1.036556000000000033e+01 9.981924687543722863e-01
1.039560999999999957e+01 9.983791434296386269e-01
1.042564999999999920e+01 9.986564291082160594e-01
1.045570000000000022e+01 9.988295160368573233e-01
1.048573999999999984e+01 9.987140668702069179e-01
1.051579000000000086e+01 9.981751290299999413e-01
1.054583000000000048e+01 9.971579082847786824e-01
1.057587999999999973e+01 9.957005777045326855e-01
1.060591999999999935e+01 9.939320152474820924e-01
1.063597000000000037e+01 9.920514303895736630e-01
1.066600999999999999e+01 9.902947272362960796e-01
1.069605999999999923e+01 9.888939947328629909e-01
1.072610000000000063e+01 9.880363698046370491e-01
1.075614999999999988e+01 9.878327728562995569e-01
1.078618999999999950e+01 9.882967527568158328e-01
1.081624000000000052e+01 9.893424745215724236e-01
1.084628000000000014e+01 9.908001402608915820e-01
1.087632999999999939e+01 9.924429728327625044e-01
1.090637000000000079e+01 9.940263026906327459e-01
1.093642000000000003e+01 9.953265922151174339e-01
1.096645999999999965e+01 9.961769305455296930e-01
1.099651000000000067e+01 9.964911367951666543e-01
1.102655000000000030e+01 9.962743884861361421e-01
1.105659999999999954e+01 9.956165885095560331e-01
1.108663999999999916e+01 9.946733777419979328e-01
1.111669000000000018e+01 9.936365552648616095e-01
1.114672999999999981e+01 9.926991821700412721e-01
1.117678000000000083e+01 9.920247535561597108e-01
1.120682000000000045e+01 9.917210721009944718e-01
1.123686999999999969e+01 9.918280188367025740e-01
1.126690999999999931e+01 9.923166584849770766e-01
1.129696000000000033e+01 9.931008211472136527e-01
1.132699999999999996e+01 9.940581023565475682e-01
1.135704999999999920e+01 9.950561713134812303e-01
1.138709000000000060e+01 9.959777910032032722e-01
1.141713999999999984e+01 9.967423422339143357e-01
1.144717999999999947e+01 9.973161251378717118e-01
1.147723000000000049e+01 9.977151093593915610e-01
1.150727000000000011e+01 9.979961536986757809e-01
1.153731999999999935e+01 9.982403123408711831e-01
1.156736000000000075e+01 9.985337355925284486e-01
1.159741000000000000e+01 9.989470318502509105e-01
1.162744999999999962e+01 9.995190659480398532e-01
1.165750000000000064e+01 1.000249201709662250e+00
1.168754000000000026e+01 1.001096964362062636e+00
1.171758999999999951e+01 1.001990768236479257e+00
1.174762999999999913e+01 1.002841365516347061e+00
1.177768000000000015e+01 1.003562164106119425e+00
1.180771999999999977e+01 1.004083853651939862e+00
1.183777000000000079e+01 1.004369933584996710e+00
1.186781000000000041e+01 1.004421703673718191e+00
1.189785999999999966e+01 1.004278006819199209e+00
1.192789999999999928e+01 1.004006054340541132e+00
1.195795000000000030e+01 1.003687484993476042e+00
1.198798999999999992e+01 1.003400346028811452e+00
1.201803999999999917e+01 1.003205379021344656e+00
1.204808000000000057e+01 1.003131173905085438e+00
1.207812999999999981e+01 1.003170967681732861e+00
1.210816999999999943e+01 1.003283023209287750e+00
1.213822000000000045e+01 1.003401967559238939e+00
1.216826000000000008e+01 1.003451296551843397e+00
1.219830999999999932e+01 1.003362255579634654e+00
1.222835000000000072e+01 1.003089031275552045e+00
1.225839999999999996e+01 1.002621351848351994e+00
1.228843999999999959e+01 1.001989669357787660e+00
1.231849000000000061e+01 1.001263050044616909e+00
1.234853000000000023e+01 1.000539092454574730e+00
1.237857999999999947e+01 9.999288087313304985e-01
1.240862000000000087e+01 9.995373873348984972e-01
1.243867000000000012e+01 9.994446736654504226e-01
1.246870999999999974e+01 9.996920010305370141e-01
1.249876000000000076e+01 1.000271572781196383e+00
1.252880000000000038e+01 1.001126030309031911e+00
1.255884999999999962e+01 1.002155616105960823e+00
1.258888999999999925e+01 1.003231873627796089e+00
1.261894000000000027e+01 1.004215884679954707e+00
1.264897999999999989e+01 1.004978371645679935e+00
1.267902999999999913e+01 1.005418156718487221e+00
1.270907000000000053e+01 1.005476236038619131e+00
1.273911999999999978e+01 1.005141574625857848e+00
1.276917000000000080e+01 1.004452187192681922e+00
1.279921000000000042e+01 1.003487255822507418e+00
1.282925999999999966e+01 1.002354234693537238e+00
1.285929999999999929e+01 1.001172572161865393e+00
1.288935000000000031e+01 1.000057623004089624e+00
1.291938999999999993e+01 9.991052700963056754e-01
1.294943999999999917e+01 9.983821316867114160e-01
1.297948000000000057e+01 9.979205997045305088e-01
1.300952999999999982e+01 9.977184867978536875e-01
1.303956999999999944e+01 9.977452908950596999e-01
1.306962000000000046e+01 9.979502757378335698e-01
1.309966000000000008e+01 9.982734892841726992e-01
1.312970999999999933e+01 9.986550105358185103e-01
1.315975000000000072e+01 9.990438218899703182e-01
1.318979999999999997e+01 9.994024839651238779e-01
1.321983999999999959e+01 9.997083119888547920e-01
1.324989000000000061e+01 9.999532133226975983e-01
1.327993000000000023e+01 1.000139672633332033e+00
1.330997999999999948e+01 1.000275466854092521e+00
1.334002000000000088e+01 1.000370291638496001e+00
1.337007000000000012e+01 1.000431917715886465e+00
1.340010999999999974e+01 1.000464381395921976e+00
1.343016000000000076e+01 1.000468682410000421e+00
1.346020000000000039e+01 1.000443769227466806e+00
1.349024999999999963e+01 1.000389545074093833e+00
1.352028999999999925e+01 1.000309621167777108e+00
1.355034000000000027e+01 1.000211780749800772e+00
1.358037999999999990e+01 1.000109526464750154e+00
1.361042999999999914e+01 1.000019344970191737e+00
1.364047000000000054e+01 9.999588744337619683e-01
1.367051999999999978e+01 9.999424357834101329e-01
1.370055999999999941e+01 9.999779139772784209e-01
1.373061000000000043e+01 1.000062964818743128e+00
1.376065000000000005e+01 1.000184127014094981e+00
1.379069999999999929e+01 1.000317227991268432e+00
1.382074000000000069e+01 1.000430131227116437e+00
1.385078999999999994e+01 1.000486367695968104e+00
1.388082999999999956e+01 1.000452404012345697e+00
1.391088000000000058e+01 1.000301280736235698e+00
1.394092000000000020e+01 1.000019238726873594e+00
1.397096999999999944e+01 9.996084585150247781e-01
1.400101000000000084e+01 9.990887843924630696e-01
1.403106000000000009e+01 9.984950860290352503e-01
1.406109999999999971e+01 9.978756267313837469e-01
1.409115000000000073e+01 9.972848859084577633e-01
1.412119000000000035e+01 9.967778473456050392e-01
1.415123999999999960e+01 9.964034120755413948e-01
1.418127999999999922e+01 9.961980728772592553e-01
1.421133000000000024e+01 9.961819163766310048e-01
1.424136999999999986e+01 9.963562923712114827e-01
1.427142000000000088e+01 9.967035500144723059e-01
1.430146000000000051e+01 9.971896213562653211e-01
1.433150999999999975e+01 9.977680512208615404e-01
1.436154999999999937e+01 9.983847617997636537e-01
1.439160000000000039e+01 9.989849042583754946e-01
1.442164000000000001e+01 9.995176247005341796e-01
1.445168999999999926e+01 9.999424882155242278e-01
1.448173000000000066e+01 1.000232080015676095e+00
1.451177999999999990e+01 1.000375934431995129e+00
1.454181999999999952e+01 1.000380022122526746e+00
1.457187000000000054e+01 1.000266039982073973e+00
1.460191000000000017e+01 1.000069367192089942e+00
1.463195999999999941e+01 9.998340217893547655e-01
1.466200000000000081e+01 9.996080165165820430e-01
1.469205000000000005e+01 9.994372332290308858e-01
1.472208999999999968e+01 9.993607719529802313e-01
1.475214000000000070e+01 9.994044293016860481e-01
1.478218000000000032e+01 9.995785710326385853e-01
1.481222999999999956e+01 9.998743783062316037e-01
1.484226999999999919e+01 1.000265892826766256e+00
1.487232000000000021e+01 1.000710719617700972e+00
1.490235999999999983e+01 1.001156522083494149e+00
1.493241000000000085e+01 1.001545856387270783e+00
1.496245000000000047e+01 1.001824632153676786e+00
1.499249999999999972e+01 1.001949214499106233e+00
1.502253999999999934e+01 1.001893260247153528e+00
1.505259000000000036e+01 1.001651973926163341e+00
1.508262999999999998e+01 1.001244182660188553e+00
1.511267999999999923e+01 1.000710922291520921e+00
1.514272000000000062e+01 1.000110293557864516e+00
1.517276999999999987e+01 9.995104247203679959e-01
1.520280999999999949e+01 9.989803920783845159e-01
1.523286000000000051e+01 9.985802793474100048e-01
1.526290000000000013e+01 9.983534096115603829e-01
1.529294999999999938e+01 9.983189997311818775e-01
1.532299000000000078e+01 9.984711068369842568e-01
1.535304000000000002e+01 9.987786267354769043e-01
1.538307999999999964e+01 9.991908324958033161e-01
1.541313000000000066e+01 9.996458587525506312e-01
1.544317000000000029e+01 1.000080665516404066e+00
1.547321999999999953e+01 1.000441147910414719e+00
1.550325999999999915e+01 1.000691110641182213e+00
1.553331000000000017e+01 1.000817659432142959e+00
1.556334999999999980e+01 1.000833756231890304e+00
1.559340000000000082e+01 1.000774060326103054e+00
1.562344000000000044e+01 1.000689190063565492e+00
1.565348999999999968e+01 1.000635586621199780e+00
1.568352999999999930e+01 1.000664625013284459e+00
1.571358000000000033e+01 1.000812030339943037e+00
1.574361999999999995e+01 1.001090230385763613e+00
1.577366999999999919e+01 1.001484026756453760e+00
1.580371000000000059e+01 1.001952043737576847e+00
1.583375999999999983e+01 1.002431747542794405e+00
1.586379999999999946e+01 1.002849192589428728e+00
1.589385000000000048e+01 1.003131171823802736e+00
1.592389000000000010e+01 1.003217747028791740e+00
1.595393999999999934e+01 1.003072393099042836e+00
1.598398000000000074e+01 1.002689906590529922e+00
1.601403000000000176e+01 1.002098121264600739e+00
1.604408000000000101e+01 1.001355468546916372e+00
1.607412000000000063e+01 1.000542249854367238e+00
1.610416999999999987e+01 9.997492076716504306e-01
1.613420999999999950e+01 9.990642178353025260e-01
1.616425999999999874e+01 9.985582754850566012e-01
1.619429999999999836e+01 9.982759425688307875e-01
1.622435000000000116e+01 9.982283315712042748e-01
1.625439000000000078e+01 9.983924403581579954e-01
1.628444000000000003e+01 9.987156376955118597e-01
1.631447999999999965e+01 9.991254428019273881e-01
1.634452999999999889e+01 9.995417361830213343e-01
1.637456999999999852e+01 9.998897240722932622e-01
1.640462000000000131e+01 1.000113068318166709e+00
1.643466000000000093e+01 1.000182324164721193e+00
1.646471000000000018e+01 1.000099528412653038e+00
1.649474999999999980e+01 9.998963049200940700e-01
1.652479999999999905e+01 9.996279472970708291e-01
1.655483999999999867e+01 9.993629372996272187e-01
1.658489000000000146e+01 9.991703868356023310e-01
1.661493000000000109e+01 9.991068439778898469e-01
1.664498000000000033e+01 9.992061986502603910e-01
1.667501999999999995e+01 9.994725772885005854e-01
1.670506999999999920e+01 9.998790850703301869e-01
1.673510999999999882e+01 1.000371016841623772e+00
1.676516000000000162e+01 1.000874135794553643e+00
1.679520000000000124e+01 1.001306781886488695e+00
1.682525000000000048e+01 1.001592430838351699e+00
1.685529000000000011e+01 1.001671893471216990e+00
1.688533999999999935e+01 1.001513104299697199e+00
1.691537999999999897e+01 1.001116811964605002e+00
1.694543000000000177e+01 1.000516977080870618e+00
1.697547000000000139e+01 9.997757383482612781e-01
1.700552000000000064e+01 9.989756498616213509e-01
1.703556000000000026e+01 9.982073332045933167e-01
1.706560999999999950e+01 9.975581835733789982e-01
1.709564999999999912e+01 9.970996914770338115e-01
1.712569999999999837e+01 9.968791015737057393e-01
1.715574000000000154e+01 9.969142300281735869e-01
1.718579000000000079e+01 9.971922488931580508e-01
1.721583000000000041e+01 9.976727929569132458e-01
1.724587999999999965e+01 9.982954475241724301e-01
1.727591999999999928e+01 9.989880433116093972e-01
1.730596999999999852e+01 9.996767020885726218e-01
1.733601000000000170e+01 1.000295025891954737e+00
1.736606000000000094e+01 1.000791729309635114e+00
1.739610000000000056e+01 1.001134970187839590e+00
1.742614999999999981e+01 1.001314096658455721e+00
1.745618999999999943e+01 1.001338455792533111e+00
1.748623999999999867e+01 1.001233676985698207e+00
1.751627999999999830e+01 1.001036041514759889e+00
1.754633000000000109e+01 1.000787178556529211e+00
1.757637000000000072e+01 1.000527652408763846e+00
1.760641999999999996e+01 1.000292615105976113e+00
1.763645999999999958e+01 1.000108568925209829e+00
1.766650999999999883e+01 9.999912135904934773e-01
1.769654999999999845e+01 9.999458721065793698e-01
1.772660000000000124e+01 9.999680771133717672e-01
1.775664000000000087e+01 1.000045811516031558e+00
1.778669000000000011e+01 1.000161726449985800e+00
1.781672999999999973e+01 1.000295833154710046e+00
1.784677999999999898e+01 1.000427726606193835e+00
1.787681999999999860e+01 1.000538458559369070e+00
1.790687000000000140e+01 1.000612718286006286e+00
1.793691000000000102e+01 1.000638913744928082e+00
1.796696000000000026e+01 1.000611379909962517e+00
1.799699999999999989e+01 1.000530059021298657e+00
1.802704999999999913e+01 1.000400614695819534e+00
1.805708999999999875e+01 1.000234658782247932e+00
1.808714000000000155e+01 1.000047961849338307e+00
1.811718000000000117e+01 9.998597150936365807e-01
1.814723000000000042e+01 9.996903900779176011e-01
1.817727000000000004e+01 9.995590255856960926e-01
1.820731999999999928e+01 9.994811359913594595e-01
1.823735999999999891e+01 9.994658297901726218e-01
1.826741000000000170e+01 9.995146272935850895e-01
1.829745000000000132e+01 9.996200173706113468e-01
1.832750000000000057e+01 9.997663912450276413e-01
1.835754000000000019e+01 9.999310167659014592e-01
1.838758999999999943e+01 1.000086929635496613e+00
1.841762999999999906e+01 1.000207181319340499e+00
1.844767999999999830e+01 1.000267980993547745e+00
1.847772000000000148e+01 1.000253083416174915e+00
1.850777000000000072e+01 1.000156487085645862e+00
1.853781999999999996e+01 9.999841540732310463e-01
1.856785999999999959e+01 9.997537008293313487e-01
1.859789999999999921e+01 9.994927723608086900e-01
1.862794999999999845e+01 9.992351119066560372e-01
1.865799000000000163e+01 9.990164031414110468e-01
1.868804000000000087e+01 9.988690002045280680e-01
1.871808000000000050e+01 9.988168596565534241e-01
1.874812999999999974e+01 9.988723631846283535e-01
1.877817999999999898e+01 9.990340516853670749e-01
1.880821999999999861e+01 9.992865289988284161e-01
1.883825999999999823e+01 9.996025035311816298e-01
1.886831000000000103e+01 9.999468384229087681e-01
1.889835000000000065e+01 1.000280877012198921e+00
1.892839999999999989e+01 1.000568595730072730e+00
1.895843999999999951e+01 1.000780884768013967e+00
1.898848999999999876e+01 1.000900096453157362e+00
1.901854000000000156e+01 1.000921506596226251e+00
1.904858000000000118e+01 1.000854140014553639e+00
1.907862000000000080e+01 1.000718343831391799e+00
1.910867000000000004e+01 1.000543026244862910e+00
1.913870999999999967e+01 1.000360251517725452e+00
1.916875999999999891e+01 1.000201010473473318e+00
1.919879999999999853e+01 1.000090113610105025e+00
1.922885000000000133e+01 1.000043325906459835e+00
1.925890000000000057e+01 1.000065091505035531e+00
1.928894000000000020e+01 1.000148316041419294e+00
1.931897999999999982e+01 1.000276236260049911e+00
1.934902999999999906e+01 1.000425084372132511e+00
1.937906999999999869e+01 1.000568249490242367e+00
1.940912000000000148e+01 1.000680043889651039e+00
1.943917000000000073e+01 1.000739639550654037e+00
1.946921000000000035e+01 1.000734259591353759e+00
1.949925999999999959e+01 1.000660273720428206e+00
1.952929999999999922e+01 1.000523532919089353e+00
1.955934999999999846e+01 1.000338741386326280e+00
1.958939000000000163e+01 1.000126833224540990e+00
1.961943000000000126e+01 9.999118684518477629e-01
1.964948000000000050e+01 9.997181103522960743e-01
1.967952999999999975e+01 9.995668283828618161e-01
1.970956999999999937e+01 9.994738284657198601e-01
1.973961999999999861e+01 9.994478035176992403e-01
1.976965999999999823e+01 9.994895409269795028e-01
1.979971000000000103e+01 9.995921830538370134e-01
1.982975000000000065e+01 9.997424226352956689e-01
1.985979000000000028e+01 9.999219878659167948e-01
1.988983999999999952e+01 1.000110395495987792e+00
1.991988999999999876e+01 1.000286545975759056e+00
1.994992999999999839e+01 1.000431535523972570e+00
1.997998000000000118e+01 1.000530261318216319e+00
