# r(Angstrom) g(r)
0.000000000000000000e+00 nan
2.000000000000000042e-02 1.151419716836263873e-01
4.000000000000000083e-02 1.246704459500780349e-01
5.999999999999999778e-02 1.399326022771021361e-01
8.000000000000000167e-02 1.600570718778622226e-01
1.000000000000000056e-01 1.839280500460962475e-01
1.199999999999999956e-01 2.102381063856237908e-01
1.400000000000000133e-01 2.375927275095701674e-01
1.600000000000000033e-01 2.646100098205542706e-01
1.799999999999999933e-01 2.900092154397574395e-01
2.000000000000000111e-01 3.126914604895562055e-01
2.200000000000000011e-01 3.318134273309932825e-01
2.399999999999999911e-01 3.468242206825150609e-01
2.600000000000000089e-01 3.574921772086768756e-01
2.800000000000000266e-01 3.639007856089707671e-01
2.999999999999999889e-01 3.664100259423211936e-01
3.200000000000000067e-01 3.656208902271426142e-01
3.400000000000000244e-01 3.623071592715468858e-01
3.599999999999999867e-01 3.573372285133151749e-01
3.800000000000000044e-01 3.516039435221371967e-01
4.000000000000000222e-01 3.459415354179270485e-01
4.199999999999999845e-01 3.410706000659047277e-01
4.400000000000000022e-01 3.375498527801116255e-01
4.600000000000000200e-01 3.357404687564409240e-01
4.799999999999999822e-01 3.358000852732890840e-01
5.000000000000000000e-01 3.376981603648936403e-01
5.200000000000000178e-01 3.412399741614767779e-01
5.400000000000000355e-01 3.461137973570276305e-01
5.600000000000000533e-01 3.519489684640985105e-01
5.799999999999999600e-01 3.583681986587801127e-01
5.999999999999999778e-01 3.650460131573849409e-01
6.199999999999999956e-01 3.717500405962222976e-01
6.400000000000000133e-01 3.783788043318230265e-01
6.600000000000000311e-01 3.849734388758481174e-01
6.800000000000000488e-01 3.917140252206015028e-01
6.999999999999999556e-01 3.988881015361077642e-01
7.199999999999999734e-01 4.068556203794273518e-01
7.399999999999999911e-01 4.159902268466730835e-01
7.600000000000000089e-01 4.266119404729968867e-01
7.800000000000000266e-01 4.389255511058097747e-01
8.000000000000000444e-01 4.529603338625902698e-01
8.199999999999999512e-01 4.685207943832120359e-01
8.399999999999999689e-01 4.851595391117954348e-01
8.599999999999999867e-01 5.021770904239318822e-01
8.800000000000000044e-01 5.186392160658113148e-01
9.000000000000000222e-01 5.334291666394019860e-01
9.200000000000000400e-01 5.453245888320031876e-01
9.399999999999999467e-01 5.530867713388971652e-01
9.599999999999999645e-01 5.555745705585513061e-01
9.799999999999999822e-01 5.518554717319157366e-01
1.000000000000000000e+00 5.413196184729700544e-01
1.020000000000000018e+00 5.237733265253200488e-01
1.040000000000000036e+00 4.995139729853610433e-01
1.060000000000000053e+00 4.693724934339856825e-01
1.080000000000000071e+00 4.347184651179324399e-01
1.100000000000000089e+00 3.974243077906369770e-01
1.120000000000000107e+00 3.597904792257924367e-01
1.139999999999999902e+00 3.244277200048441001e-01
1.159999999999999920e+00 2.941132379878628189e-01
1.179999999999999938e+00 2.716170194002878180e-01
1.199999999999999956e+00 2.595213669917959542e-01
1.219999999999999973e+00 2.600337004244085426e-01
1.239999999999999991e+00 2.748189329427511707e-01
1.260000000000000009e+00 3.048514047035731922e-01
1.280000000000000027e+00 3.503104031097228344e-01
1.300000000000000044e+00 4.105152725621108445e-01
1.320000000000000062e+00 4.839199194017755890e-01
1.340000000000000080e+00 5.681578041319750305e-01
1.360000000000000098e+00 6.601422088277337785e-01
1.379999999999999893e+00 7.562194522436093136e-01
1.399999999999999911e+00 8.523568247324257996e-01
1.419999999999999929e+00 9.443656451832745935e-01
1.439999999999999947e+00 1.028135907155351747e+00
1.459999999999999964e+00 1.099871481619316915e+00
1.479999999999999982e+00 1.156309307713611068e+00
1.500000000000000000e+00 1.194913805694506781e+00
1.520000000000000018e+00 1.214018418437558866e+00
1.540000000000000036e+00 1.212923790937577184e+00
1.560000000000000053e+00 1.191932685648899648e+00
1.580000000000000071e+00 1.152321509488858364e+00
1.600000000000000089e+00 1.096257393927225987e+00
1.620000000000000107e+00 1.026658268551218001e+00
1.639999999999999902e+00 9.470085228429392377e-01
1.659999999999999920e+00 8.611476360522648532e-01
1.679999999999999938e+00 7.730351055836536256e-01
1.699999999999999956e+00 6.865245131114920962e-01
1.719999999999999973e+00 6.051407211773430772e-01
1.739999999999999991e+00 5.318984504304904437e-01
1.760000000000000009e+00 4.691517444747664856e-01
1.780000000000000027e+00 4.184988490636764036e-01
1.800000000000000044e+00 3.807432251846194493e-01
1.820000000000000062e+00 3.559088651787054580e-01
1.840000000000000080e+00 3.433087322680881126e-01
1.860000000000000098e+00 3.416632984152175867e-01
1.879999999999999893e+00 3.492514847720713522e-01
1.899999999999999911e+00 3.640897112270052860e-01
1.919999999999999929e+00 3.841176731113646881e-01
1.939999999999999947e+00 4.073810264231947365e-01
1.959999999999999964e+00 4.321941121973628119e-01
1.979999999999999982e+00 4.572745295356750450e-01
2.000000000000000000e+00 4.818320635490488391e-01
2.020000000000000018e+00 5.056160280873667201e-01
2.040000000000000036e+00 5.289092322905681876e-01
2.060000000000000053e+00 5.524730774180030002e-01
2.080000000000000071e+00 5.774544724996932832e-01
2.100000000000000089e+00 6.052493543509178675e-01
2.120000000000000107e+00 6.373487376921110892e-01
2.140000000000000124e+00 6.751701304479693633e-01
2.160000000000000142e+00 7.198932853176082114e-01
2.180000000000000160e+00 7.723078995278009895e-01
2.200000000000000178e+00 8.326926663361904346e-01
2.220000000000000195e+00 9.007326727690858625e-01
2.240000000000000213e+00 9.754767885533811578e-01
2.259999999999999787e+00 1.055349793993165086e+00
2.279999999999999805e+00 1.138208738378645446e+00
2.299999999999999822e+00 1.221447134499994869e+00
2.319999999999999840e+00 1.302135517690459654e+00
2.339999999999999858e+00 1.377191551085594545e+00
2.359999999999999876e+00 1.443566799683944524e+00
2.379999999999999893e+00 1.498435498802402233e+00
2.399999999999999911e+00 1.539376147404344142e+00
2.419999999999999929e+00 1.564528384665530236e+00
2.439999999999999947e+00 1.572716179055035024e+00
2.459999999999999964e+00 1.563533358856574740e+00
2.479999999999999982e+00 1.537378278014532640e+00
2.500000000000000000e+00 1.495437930835497031e+00
2.520000000000000018e+00 1.439626838715049928e+00
2.540000000000000036e+00 1.372482132496823048e+00
2.560000000000000053e+00 1.297017579655109554e+00
2.580000000000000071e+00 1.216557381723651687e+00
2.600000000000000089e+00 1.134549786667099491e+00
2.620000000000000107e+00 1.054379562933866143e+00
2.640000000000000124e+00 9.791893403392397666e-01
2.660000000000000142e+00 9.117195614593410768e-01
2.680000000000000160e+00 8.541792457519961079e-01
2.700000000000000178e+00 8.081520041623728723e-01
2.720000000000000195e+00 7.745458078152037684e-01
2.740000000000000213e+00 7.535783278373598959e-01
2.759999999999999787e+00 7.448127706843179485e-01
2.779999999999999805e+00 7.472240807135313023e-01
2.799999999999999822e+00 7.592975482496531203e-01
2.819999999999999840e+00 7.791533988358794183e-01
2.839999999999999858e+00 8.046804629816829424e-01
2.859999999999999876e+00 8.336768991829481834e-01
2.879999999999999893e+00 8.639863108693534022e-01
2.899999999999999911e+00 8.936173046719614321e-01
2.919999999999999929e+00 9.208463537988685887e-01
2.939999999999999947e+00 9.442942918472732039e-01
2.959999999999999964e+00 9.629712613953018696e-01
2.979999999999999982e+00 9.762991943153175312e-01
3.000000000000000000e+00 9.841004996460320786e-01
3.020000000000000018e+00 9.865647178847641863e-01
3.040000000000000036e+00 9.841965388205466958e-01
3.060000000000000053e+00 9.777457397009146067e-01
3.080000000000000071e+00 9.681336804562784559e-01
3.100000000000000089e+00 9.563741751645203903e-01
3.120000000000000107e+00 9.434994380834724748e-01
3.140000000000000124e+00 9.304954910831284565e-01
3.160000000000000142e+00 9.182486187534049105e-01
3.180000000000000160e+00 9.075066551807623449e-01
3.200000000000000178e+00 8.988564338917797159e-01
3.220000000000000195e+00 8.927155735983844931e-01
3.240000000000000213e+00 8.893388185541331037e-01
3.259999999999999787e+00 8.888327543773819617e-01
3.279999999999999805e+00 8.911813019684368120e-01
3.299999999999999822e+00 8.962735764414223594e-01
3.319999999999999840e+00 9.039310117930197119e-01
3.339999999999999858e+00 9.139356794590811628e-01
3.359999999999999876e+00 9.260503206156679434e-01
3.379999999999999893e+00 9.400339174353541383e-01
3.399999999999999911e+00 9.556492592079646187e-01
3.419999999999999929e+00 9.726646840118664539e-01
3.439999999999999947e+00 9.908494434556558428e-01
3.459999999999999964e+00 1.009963471821625047e+00
3.479999999999999982e+00 1.029748288444126247e+00
3.500000000000000000e+00 1.049916142707602473e+00
3.520000000000000018e+00 1.070141843835590523e+00
3.540000000000000036e+00 1.090059470949011455e+00
3.560000000000000053e+00 1.109265042987401362e+00
3.580000000000000071e+00 1.127324915425816920e+00
3.600000000000000089e+00 1.143791944374244363e+00
3.620000000000000107e+00 1.158225616432819072e+00
3.640000000000000124e+00 1.170217981484159564e+00
3.660000000000000142e+00 1.179419724649033885e+00
3.680000000000000160e+00 1.185566864131875509e+00
3.700000000000000178e+00 1.188505604467826604e+00
3.720000000000000195e+00 1.188209087098748729e+00
3.740000000000000213e+00 1.184789730478471581e+00
3.759999999999999787e+00 1.178500341419391306e+00
3.779999999999999805e+00 1.169728006092983108e+00
3.799999999999999822e+00 1.158976023622608986e+00
3.819999999999999840e+00 1.146838586395591886e+00
3.839999999999999858e+00 1.133968000017176792e+00
3.859999999999999876e+00 1.121036355258109074e+00
3.879999999999999893e+00 1.108696752099830096e+00
3.899999999999999911e+00 1.097542002759941848e+00
3.919999999999999929e+00 1.088070372623908044e+00
3.939999999999999947e+00 1.080655811243126374e+00
3.959999999999999964e+00 1.075526401126755127e+00
3.979999999999999982e+00 1.072753464861849082e+00
4.000000000000000000e+00 1.072251862838531133e+00
4.019999999999999574e+00 1.073790866654101173e+00
4.040000000000000036e+00 1.077013673091478774e+00
4.059999000000000358e+00 1.081467064665186717e+00
4.080000000000000071e+00 1.086637178528887970e+00
4.099999000000000393e+00 1.091985211401687250e+00
4.120000000000000107e+00 1.096989905137307986e+00
4.139999000000000429e+00 1.101179394625905861e+00
4.160000000000000142e+00 1.104165783828860103e+00
4.179998999999999576e+00 1.105666905311683657e+00
4.200000000000000178e+00 1.105521736214167383e+00
4.219998999999999612e+00 1.103695430937994049e+00
4.240000000000000213e+00 1.100273814723627952e+00
4.259998999999999647e+00 1.095450740077809959e+00
4.280000000000000249e+00 1.089504878093495277e+00
4.299998999999999683e+00 1.082773685190802970e+00
4.320000000000000284e+00 1.075621105185510906e+00
4.339999999999999858e+00 1.068408473053251484e+00
4.360000000000000320e+00 1.061462386188808171e+00
4.379999999999999893e+00 1.055050375365854221e+00
4.400000000000000355e+00 1.049361858688007132e+00
4.419999999999999929e+00 1.044493932639923406e+00
4.440000000000000391e+00 1.040450188995039937e+00
4.459999999999999964e+00 1.037141999389171287e+00
4.480000000000000426e+00 1.034401890283475955e+00
4.500000000000000000e+00 1.032000786080102595e+00
4.519999999999999574e+00 1.029670402621972070e+00
4.540000000000000036e+00 1.027128239342678606e+00
4.559999000000000358e+00 1.024102911687449380e+00
4.580000000000000071e+00 1.020357404552548530e+00
4.599999000000000393e+00 1.015710226658466109e+00
4.620000000000000107e+00 1.010048248417704908e+00
4.639999000000000429e+00 1.003337581209148288e+00
4.660000000000000142e+00 9.956235829304770357e-01
4.679998999999999576e+00 9.870284120645360648e-01
4.700000000000000178e+00 9.777378397261808907e-01
4.719998999999999612e+00 9.679889383400780423e-01
4.740000000000000213e+00 9.580486232552785086e-01
4.759998999999999647e+00 9.481963872515714042e-01
4.780000000000000249e+00 9.387004866440200601e-01
4.799998999999999683e+00 9.298036852775445338e-01
4.820000000000000284e+00 9.217038730385869183e-01
4.839998999999999718e+00 9.145480430259290694e-01
4.860000000000000320e+00 9.084220324921871148e-01
4.879999999999999893e+00 9.033535696847738716e-01
4.900000000000000355e+00 8.993156808085157605e-01
4.919999999999999929e+00 8.962345233017950941e-01
4.940000000000000391e+00 8.940037300791952024e-01
4.959999999999999964e+00 8.924967467932874987e-01
4.980000000000000426e+00 8.915825076291479245e-01
5.000000000000000000e+00 8.911391053070076840e-01
5.019999999999999574e+00 8.910655112314589399e-01
5.040000000000000036e+00 8.912899629367618815e-01
5.059999000000000358e+00 8.917749107324502988e-01
5.080000000000000071e+00 8.925178764422456723e-01
5.099999000000000393e+00 8.935476924342256044e-01
5.120000000000000107e+00 8.949174862625480786e-01
5.139999000000000429e+00 8.966950689197737967e-01
5.160000000000000142e+00 8.989515734501754007e-01
5.179998999999999576e+00 9.017495347240589432e-01
5.200000000000000178e+00 9.051315296170674429e-01
5.219998999999999612e+00 9.091108894042730926e-01
5.240000000000000213e+00 9.136656409980378202e-01
5.259998999999999647e+00 9.187344215399411151e-01
5.280000000000000249e+00 9.242185208924200701e-01
5.299998999999999683e+00 9.299855794988337587e-01
5.320000000000000284e+00 9.358781143005320269e-01
5.339998999999999718e+00 9.417234346057854477e-01
5.360000000000000320e+00 9.473471314664391185e-01
5.379999999999999893e+00 9.525852202834801385e-01
5.400000000000000355e+00 9.572969778159462484e-01
5.419999999999999929e+00 9.613761515456443751e-01
5.440000000000000391e+00 9.647583248387046062e-01
5.459999999999999964e+00 9.674262856609116001e-01
5.480000000000000426e+00 9.694109824245034090e-01
5.500000000000000000e+00 9.707886731039371275e-01
5.519999999999999574e+00 9.716733801266057569e-01
5.540000000000000036e+00 9.722085282064770739e-01
5.559999000000000358e+00 9.725540357362977284e-01
5.580000000000000071e+00 9.728735510526456132e-01
5.599999000000000393e+00 9.733207522816876844e-01
5.620000000000000107e+00 9.740275156684344848e-01
5.639999000000000429e+00 9.750937924517948385e-01
5.660000000000000142e+00 9.765800894371662322e-01
5.679998999999999576e+00 9.785039482596855631e-01
5.700000000000000178e+00 9.808401310799707007e-01
5.719998999999999612e+00 9.835246299657898206e-01
5.740000000000000213e+00 9.864613918650972924e-01
5.759998999999999647e+00 9.895322562628878771e-01
5.780000000000000249e+00 9.926091261502757446e-01
5.799998999999999683e+00 9.955653447610958162e-01
5.820000000000000284e+00 9.982887619004785495e-01
5.839998999999999718e+00 1.000690615301561337e+00
5.860000000000000320e+00 1.002715645677943579e+00
5.879999999999999893e+00 1.004345219525066613e+00
5.900000000000000355e+00 1.005600083688206858e+00
5.919999999999999929e+00 1.006537865632652906e+00
5.940000000000000391e+00 1.007248184948289493e+00
5.959999999999999964e+00 1.007843154526199436e+00
5.980000000000000426e+00 1.008448375129121333e+00
6.000000000000000000e+00 1.009190036138507773e+00
6.019999999999999574e+00 1.010183777280412531e+00
6.040000000000000036e+00 1.011524071415836445e+00
6.059999000000000358e+00 1.013273819763249817e+00
6.080000000000000071e+00 1.015459946519297274e+00
6.099999000000000393e+00 1.018067780029768388e+00
6.120000000000000107e+00 1.021043766999248703e+00
6.139999000000000429e+00 1.024297329503190301e+00
6.160000000000000142e+00 1.027708763191751196e+00
6.179998999999999576e+00 1.031138117586135383e+00
6.200000000000000178e+00 1.034437136939697410e+00
6.219998999999999612e+00 1.037459657847213501e+00
6.240000000000000213e+00 1.040075419876002494e+00
6.259998999999999647e+00 1.042178435524924174e+00
6.280000000000000249e+00 1.043696308332491496e+00
6.299998999999999683e+00 1.044595982600381445e+00
6.320000000000000284e+00 1.044884875171381511e+00
6.339998999999999718e+00 1.044610776086066783e+00
6.360000000000000320e+00 1.043856546901200888e+00
6.379998999999999754e+00 1.042733297076797294e+00
6.400000000000000355e+00 1.041369930626750540e+00
6.419999999999999929e+00 1.039903240195826362e+00
6.440000000000000391e+00 1.038464918742136645e+00
6.459999999999999964e+00 1.037172001747350247e+00
6.480000000000000426e+00 1.036116189468727411e+00
6.500000000000000000e+00 1.035357272725494271e+00
6.519999999999999574e+00 1.034918484765355640e+00
6.540000000000000036e+00 1.034784706975107049e+00
6.559999000000000358e+00 1.034905542938501899e+00
6.580000000000000071e+00 1.035199267707995752e+00
6.599999000000000393e+00 1.035561179412063604e+00
6.620000000000000107e+00 1.035873029338555629e+00
6.639999000000000429e+00 1.036013536950301184e+00
6.660000000000000142e+00 1.035869224427915736e+00
6.679998999999999576e+00 1.035344956764951752e+00
6.700000000000000178e+00 1.034371689885895451e+00
6.719998999999999612e+00 1.032913576277096235e+00
6.740000000000000213e+00 1.030970613940787484e+00
6.759998999999999647e+00 1.028579802268964061e+00
6.780000000000000249e+00 1.025811583854657538e+00
6.799998999999999683e+00 1.022765295072269875e+00
6.820000000000000284e+00 1.019560581572056313e+00
6.839998999999999718e+00 1.016328819465113220e+00
6.860000000000000320e+00 1.013202073484169796e+00
6.879998999999999754e+00 1.010303917663967654e+00
6.900000000000000355e+00 1.007739158726381534e+00
6.919999999999999929e+00 1.005586807698084062e+00
6.940000000000000391e+00 1.003894694636746410e+00
6.959999999999999964e+00 1.002676021802000106e+00
6.980000000000000426e+00 1.001910506788242339e+00
7.000000000000000000e+00 1.001546412851088697e+00
7.019999999999999574e+00 1.001506284445962347e+00
7.040000000000000036e+00 1.001693742368865214e+00
7.059999000000000358e+00 1.002002984787648376e+00
7.080000000000000071e+00 1.002327230452774831e+00
7.099999000000000393e+00 1.002568043876149950e+00
7.120000000000000107e+00 1.002643224039219128e+00
7.139999000000000429e+00 1.002493302517249329e+00
7.160000000000000142e+00 1.002085772256789298e+00
7.179998999999999576e+00 1.001417113216254817e+00
7.200000000000000178e+00 1.000511882010276077e+00
7.219998999999999612e+00 9.994196934483539074e-01
7.240000000000000213e+00 9.982098707681195116e-01
7.259998999999999647e+00 9.969651883530094016e-01
7.280000000000000249e+00 9.957732333815036974e-01
7.299998999999999683e+00 9.947190176647818793e-01
7.320000000000000284e+00 9.938766106017901114e-01
7.339998999999999718e+00 9.933036044275824761e-01
7.360000000000000320e+00 9.930348309493722825e-01
7.379998999999999754e+00 9.930803255991145218e-01
7.400000000000000355e+00 9.934237195131432330e-01
7.419999999999999929e+00 9.940246557263197058e-01
7.440000000000000391e+00 9.948214337620150394e-01
7.459999999999999964e+00 9.957371162041399604e-01
7.480000000000000426e+00 9.966855428533186734e-01
7.500000000000000000e+00 9.975785755339982019e-01
7.519999999999999574e+00 9.983337088451766927e-01
7.540000000000000036e+00 9.988805992352913776e-01
7.559999000000000358e+00 9.991665323220506600e-01
7.580000000000000071e+00 9.991606099669135821e-01
7.599999000000000393e+00 9.988553679050683476e-01
7.620000000000000107e+00 9.982674205244647103e-01
7.639999000000000429e+00 9.974352473664411800e-01
7.660000000000000142e+00 9.964152471366106711e-01
7.679998999999999576e+00 9.952767844836200029e-01
7.700000000000000178e+00 9.940960318932674511e-01
7.719998999999999612e+00 9.929496575439898942e-01
7.740000000000000213e+00 9.919078119200600563e-01
7.759998999999999647e+00 9.910290652700016745e-01
7.780000000000000249e+00 9.903552191061729681e-01
7.799998999999999683e+00 9.899090664789981231e-01
7.820000000000000284e+00 9.896923384854258154e-01
7.839998999999999718e+00 9.896866458540446443e-01
7.860000000000000320e+00 9.898557135371471860e-01
7.879998999999999754e+00 9.901490335895432038e-01
7.900000000000000355e+00 9.905064205940569133e-01
7.919999999999999929e+00 9.908644018348679028e-01
7.940000000000000391e+00 9.911609472219333750e-01
7.959999999999999964e+00 9.913419277861051926e-01
7.980000000000000426e+00 9.913652154927917737e-01
8.000000000000000000e+00 9.912042676679340136e-01
8.019999999999999574e+00 9.908504160833904173e-01
8.039998999999999896e+00 9.903136568491068825e-01
8.059998999999999469e+00 9.896211880208924949e-01
8.080000000000000071e+00 9.888151743415191097e-01
8.099999000000000393e+00 9.879488717906250717e-01
8.119998999999999967e+00 9.870824899141397157e-01
8.139998999999999540e+00 9.862774205171724873e-01
8.160000000000000142e+00 9.855917939597448330e-01
8.179999000000000464e+00 9.850757498451097049e-01
8.199999999999999289e+00 9.847671377096908207e-01
8.219998999999999612e+00 9.846889964781322391e-01
8.240000000000000213e+00 9.848481152409649386e-01
8.259999999999999787e+00 9.852349832080798953e-01
8.279999999999999361e+00 9.858245535509321256e-01
8.299998999999999683e+00 9.865793647543638079e-01
8.320000000000000284e+00 9.874524200442901245e-01
8.339999999999999858e+00 9.883914105785743809e-01
8.359999999999999432e+00 9.893432349996821307e-01
8.379998999999999754e+00 9.902578889170400300e-01
8.400000000000000355e+00 9.910927464740960646e-01
8.419999999999999929e+00 9.918149341065791713e-01
8.439999999999999503e+00 9.924042299621727015e-01
8.459998999999999825e+00 9.928531217737781578e-01
8.480000000000000426e+00 9.931674096596949664e-01
8.500000000000000000e+00 9.933642304627889885e-01
8.519999999999999574e+00 9.934704454666013484e-01
8.539998999999999896e+00 9.935191292896839999e-01
8.559998999999999469e+00 9.935465398451919228e-01
8.580000000000000071e+00 9.935887009686323879e-01
8.599999000000000393e+00 9.936780358105239408e-01
8.619998999999999967e+00 9.938404745787252637e-01
8.639998999999999540e+00 9.940934266234872085e-01
8.660000000000000142e+00 9.944449423118747466e-01
8.679999000000000464e+00 9.948926696188112873e-01
8.699999999999999289e+00 9.954250212015776089e-01
8.719998999999999612e+00 9.960224133456776485e-01
8.740000000000000213e+00 9.966594379178586038e-01
8.759999999999999787e+00 9.973072983762036881e-01
8.779999999999999361e+00 9.979363281484180392e-01
8.799998999999999683e+00 9.985192901565373980e-01
8.820000000000000284e+00 9.990329928626449085e-01
8.839999999999999858e+00 9.994607007073533778e-01
8.859999999999999432e+00 9.997931868987062209e-01
8.879998999999999754e+00 1.000029259725047970e+00
8.900000000000000355e+00 1.000175570702008576e+00
8.919999999999999929e+00 1.000245816225230788e+00
8.939999999999999503e+00 1.000259038479529128e+00
8.959998999999999825e+00 1.000237848139279073e+00
8.980000000000000426e+00 1.000206469010550769e+00
9.000000000000000000e+00 1.000188607962518850e+00
9.019999999999999574e+00 1.000205051565814296e+00
9.039998999999999896e+00 1.000272997537717368e+00
9.059998999999999469e+00 1.000404195651706463e+00
9.080000000000000071e+00 1.000604509291674882e+00
9.099999000000000393e+00 1.000874477805392626e+00
9.119998999999999967e+00 1.001209175707028276e+00
9.139998999999999540e+00 1.001599758881010827e+00
9.160000000000000142e+00 1.002034396314666065e+00
9.179999000000000464e+00 1.002500177561646000e+00
9.199999999999999289e+00 1.002984204385050315e+00
9.219998999999999612e+00 1.003475067310443336e+00
9.240000000000000213e+00 1.003963902514090734e+00
9.259999999999999787e+00 1.004445053800716137e+00
9.279999999999999361e+00 1.004916229136124661e+00
9.299998999999999683e+00 1.005378077535850734e+00
9.320000000000000284e+00 1.005833959976438985e+00
9.339999999999999858e+00 1.006288278322094776e+00
9.359999999999999432e+00 1.006745878126090510e+00
9.379998999999999754e+00 1.007210599799076123e+00
9.400000000000000355e+00 1.007683936548241954e+00
9.419999999999999929e+00 1.008164490313305794e+00
9.439999999999999503e+00 1.008646939830109446e+00
9.459998999999999825e+00 1.009122086877495272e+00
9.480000000000000426e+00 1.009577369090152832e+00
9.500000000000000000e+00 1.009997095566166792e+00
9.519999999999999574e+00 1.010363896594549837e+00
9.539998999999999896e+00 1.010660360401723024e+00
9.559998999999999469e+00 1.010869880485851358e+00
9.580000000000000071e+00 1.010979204188760416e+00
9.599999000000000393e+00 1.010978776337862817e+00
9.619998999999999967e+00 1.010864760849708777e+00
9.639998999999999540e+00 1.010639180617923572e+00
9.660000000000000142e+00 1.010310318702383858e+00
9.679999000000000464e+00 1.009892473068627838e+00
9.699999000000000038e+00 1.009404763967898466e+00
9.719998999999999612e+00 1.008869977255539840e+00
9.740000000000000213e+00 1.008313219331280042e+00
9.759999999999999787e+00 1.007759393416701288e+00
9.779999999999999361e+00 1.007231715266679206e+00
9.799998999999999683e+00 1.006749979434239384e+00
9.820000000000000284e+00 1.006328561561744106e+00
9.839999999999999858e+00 1.005976020291438289e+00
9.859999999999999432e+00 1.005694047608408415e+00
9.879998999999999754e+00 1.005477725574365433e+00
9.900000000000000355e+00 1.005316046877627878e+00
9.919999999999999929e+00 1.005193259406677919e+00
9.939999999999999503e+00 1.005090365726444057e+00
9.959998999999999825e+00 1.004986795029680247e+00
9.980000000000000426e+00 1.004862683686166935e+00
1.000000000000000000e+01 1.004700593262353392e+00
1.001999999999999957e+01 1.004487469065591831e+00
1.003999999999999915e+01 1.004215500676217898e+00
1.006000000000000050e+01 1.003883239216214918e+00
1.008000000000000007e+01 1.003495534238682430e+00
1.009999999999999964e+01 1.003063202460729775e+00
1.011999999999999922e+01 1.002602253132827137e+00
1.014000000000000057e+01 1.002131694065372614e+00
1.016000000000000014e+01 1.001672611054066575e+00
1.017999999999999972e+01 1.001245301673470145e+00
1.019999999999999929e+01 1.000867951654339727e+00
1.022000000000000064e+01 1.000554175223570041e+00
1.024000000000000021e+01 1.000312264057945155e+00
1.025999999999999979e+01 1.000143650883265733e+00
1.027999999999999936e+01 1.000042888129687224e+00
1.030000000000000071e+01 9.999979784156249885e-01
1.032000000000000028e+01 9.999911398119932793e-01
1.033999999999999986e+01 1.000000700439628742e+00
1.035999999999999943e+01 1.000002534191928749e+00
1.038000000000000078e+01 9.999726136877544747e-01
1.040000000000000036e+01 9.998892726176966672e-01
1.041999999999999993e+01 9.997350076227182747e-01
1.043999999999999950e+01 9.994986063267660148e-01
1.046000000000000085e+01 9.991763854510152809e-01
1.048000000000000043e+01 9.987723781273182277e-01
1.050000000000000000e+01 9.982989501748414929e-01
1.051999999999999957e+01 9.977755160959014269e-01
1.053999999999999915e+01 9.972273555840115433e-01
1.056000000000000050e+01 9.966835004408903798e-01
1.058000000000000007e+01 9.961742176162341478e-01
1.059999999999999964e+01 9.957289477782753639e-01
1.061999999999999922e+01 9.953730737258147387e-01
1.064000000000000057e+01 9.951261717138158991e-01
1.066000000000000014e+01 9.950000276839021662e-01
1.067999999999999972e+01 9.949974386930116044e-01
1.069999999999999929e+01 9.951114508298706252e-01
1.072000000000000064e+01 9.953262946887831975e-01
1.074000000000000021e+01 9.956178889208919802e-01
1.075999999999999979e+01 9.959559367798656027e-01
1.077999999999999936e+01 9.963065032171078972e-01
1.080000000000000071e+01 9.966340603880082805e-01
1.082000000000000028e+01 9.969051838886594519e-01
1.083999999999999986e+01 9.970907882953293777e-01
1.085999999999999943e+01 9.971689215402863571e-01
1.088000000000000078e+01 9.971262803263747365e-01
1.090000000000000036e+01 9.969601241417147541e-01
1.091999999999999993e+01 9.966779298171022372e-01
1.093999999999999950e+01 9.962975463907618456e-01
1.096000000000000085e+01 9.958456962369518495e-01
1.098000000000000043e+01 9.953558329631317925e-01
1.100000000000000000e+01 9.948658580722108402e-01
1.101999999999999957e+01 9.944150409658433221e-01
1.103999999999999915e+01 9.940408904224863340e-01
1.106000000000000050e+01 9.937762237299859747e-01
1.108000000000000007e+01 9.936464309752499613e-01
1.109999999999999964e+01 9.936677476315676216e-01
1.111999999999999922e+01 9.938453829600562006e-01
1.114000000000000057e+01 9.941734564535366081e-01
1.116000000000000014e+01 9.946353405723298291e-01
1.117999999999999972e+01 9.952044856608251999e-01
1.119999999999999929e+01 9.958469334973191200e-01
1.122000000000000064e+01 9.965238039609682907e-01
1.124000000000000021e+01 9.971938356950221793e-01
1.125999999999999979e+01 9.978170253113965993e-01
1.127999999999999936e+01 9.983572647758146568e-01
1.130000000000000071e+01 9.987853513686025808e-01
1.132000000000000028e+01 9.990809260613711107e-01
1.133999999999999986e+01 9.992340720455425984e-01
1.135999999999999943e+01 9.992456212789281311e-01
1.138000000000000078e+01 9.991275373532748638e-01
1.140000000000000036e+01 9.989011501568955120e-01
1.141999999999999993e+01 9.985961225604569336e-01
1.143999999999999950e+01 9.982472912641117135e-01
1.146000000000000085e+01 9.978926466981560273e-01
1.148000000000000043e+01 9.975698356907398701e-01
1.150000000000000000e+01 9.973135665860360932e-01
1.151999999999999957e+01 9.971529628057781425e-01
1.153999999999999915e+01 9.971094930832554715e-01
1.156000000000000050e+01 9.971953147563928921e-01
1.158000000000000007e+01 9.974125723823736855e-01
1.159999999999999964e+01 9.977535620993894794e-01
1.161999999999999922e+01 9.982015175737893875e-01
1.164000000000000057e+01 9.987316989506000997e-01
1.166000000000000014e+01 9.993140234584477755e-01
1.167999999999999972e+01 9.999148163763802444e-01
1.169999999999999929e+01 1.000499859461690955e+00
1.172000000000000064e+01 1.001036867446098544e+00
1.174000000000000021e+01 1.001497553648565297e+00
1.175999999999999979e+01 1.001859905458961197e+00
1.177999999999999936e+01 1.002109514416236191e+00
1.180000000000000071e+01 1.002240278985308430e+00
1.182000000000000028e+01 1.002254640646768280e+00
1.183999999999999986e+01 1.002163129429590960e+00
1.185999999999999943e+01 1.001983150704717440e+00
1.188000000000000078e+01 1.001737403207057397e+00
1.190000000000000036e+01 1.001452160855889506e+00
1.191999999999999993e+01 1.001154964276251169e+00
1.193999999999999950e+01 1.000872487165710201e+00
1.196000000000000085e+01 1.000628878241848652e+00
1.198000000000000043e+01 1.000443590814017680e+00
1.200000000000000000e+01 1.000330818366258034e+00
1.201999999999999957e+01 1.000298031963136269e+00
1.203999999999999915e+01 1.000346261661421599e+00
1.206000000000000050e+01 1.000469999782420016e+00
1.208000000000000007e+01 1.000658304242158403e+00
1.209999999999999964e+01 1.000895591660700967e+00
1.211999999999999922e+01 1.001163244277348818e+00
1.214000000000000057e+01 1.001441200981999069e+00
1.216000000000000014e+01 1.001709458195024327e+00
1.217999999999999972e+01 1.001949481631899230e+00
1.219999999999999929e+01 1.002145752594437278e+00
1.222000000000000064e+01 1.002286632312855197e+00
1.224000000000000021e+01 1.002365069886079318e+00
1.225999999999999979e+01 1.002378712546800443e+00
1.227999999999999936e+01 1.002329867403055186e+00
1.230000000000000071e+01 1.002225316346846640e+00
1.232000000000000028e+01 1.002075103994897187e+00
1.233999999999999986e+01 1.001892217790321782e+00
1.235999999999999943e+01 1.001690733048086424e+00
1.238000000000000078e+01 1.001485584785229088e+00
1.240000000000000036e+01 1.001290808558967571e+00
1.241999999999999993e+01 1.001118964572995873e+00
1.243999999999999950e+01 1.000980349014697568e+00
1.246000000000000085e+01 1.000882430961717251e+00
1.248000000000000043e+01 1.000829439785938524e+00
1.250000000000000000e+01 1.000822680772960549e+00
1.251999999999999957e+01 1.000860124618847991e+00
1.253999999999999915e+01 1.000937372549414173e+00
1.256000000000000050e+01 1.001047747264907084e+00
1.258000000000000007e+01 1.001182958736235751e+00
1.259999999999999964e+01 1.001333691809628501e+00
1.261999999999999922e+01 1.001490403434278864e+00
1.264000000000000057e+01 1.001643682581713213e+00
1.266000000000000014e+01 1.001784821283983939e+00
1.267999999999999972e+01 1.001906308870379680e+00
1.269999999999999929e+01 1.002002107679484944e+00
1.272000000000000064e+01 1.002067854997366947e+00
1.274000000000000021e+01 1.002100707788250666e+00
1.275999999999999979e+01 1.002099827432742618e+00
1.277999999999999936e+01 1.002066080689135941e+00
1.280000000000000071e+01 1.002001672730217008e+00
1.282000000000000028e+01 1.001910277938507399e+00
1.283999999999999986e+01 1.001796887448520579e+00
1.285999999999999943e+01 1.001667165325675013e+00
1.288000000000000078e+01 1.001527373052994108e+00
1.290000000000000036e+01 1.001384084181133671e+00
1.291999999999999993e+01 1.001243831557649067e+00
1.293999999999999950e+01 1.001112547939403186e+00
1.296000000000000085e+01 1.000995500768094848e+00
1.298000000000000043e+01 1.000896878812953972e+00
1.300000000000000000e+01 1.000819312989181809e+00
1.301999999999999957e+01 1.000763888323034756e+00
1.303999999999999915e+01 1.000729808675582033e+00
1.306000000000000050e+01 1.000714341826801856e+00
1.308000000000000007e+01 1.000712834277424301e+00
1.309999999999999964e+01 1.000719209673013754e+00
1.311999999999999922e+01 1.000725634634334726e+00
1.314000000000000057e+01 1.000723841188757124e+00
1.316000000000000014e+01 1.000704992486283196e+00
1.317999999999999972e+01 1.000660648758788351e+00
1.319999999999999929e+01 1.000583587328390145e+00
1.322000000000000064e+01 1.000468135805789638e+00
1.324000000000000021e+01 1.000311322798796976e+00
1.325999999999999979e+01 1.000112994091572283e+00
1.327999999999999936e+01 9.998762686318174442e-01
1.330000000000000071e+01 9.996076500586014157e-01
1.332000000000000028e+01 9.993170012917651501e-01
1.333999999999999986e+01 9.990169764304340783e-01
1.335999999999999943e+01 9.987224577542391790e-01
1.338000000000000078e+01 9.984494564774595293e-01
1.340000000000000036e+01 9.982142935914022353e-01
1.341999999999999993e+01 9.980322483485978280e-01
1.343999999999999950e+01 9.979163535340731528e-01
1.346000000000000085e+01 9.978762014771489497e-01
1.348000000000000043e+01 9.979171636528438860e-01
1.350000000000000000e+01 9.980394160383286861e-01
1.351999999999999957e+01 9.982378436183506620e-01
1.353999999999999915e+01 9.985019457369921358e-01
1.356000000000000050e+01 9.988162763980675818e-01
1.358000000000000007e+01 9.991612806681180459e-01
1.359999999999999964e+01 9.995144565369603606e-01
1.361999999999999922e+01 9.998518388904125143e-01
1.364000000000000057e+01 1.000150001405968103e+00
1.366000000000000014e+01 1.000387311835886361e+00
1.367999999999999972e+01 1.000545771883120327e+00
1.369999999999999929e+01 1.000612774879919620e+00
1.372000000000000064e+01 1.000581792328464781e+00
1.374000000000000021e+01 1.000453383891735326e+00
1.375999999999999979e+01 1.000235409054613722e+00
1.377999999999999936e+01 9.999423828679957493e-01
1.380000000000000071e+01 9.995949685006638719e-01
1.382000000000000028e+01 9.992183605642460664e-01
1.383999999999999986e+01 9.988404862160894515e-01
1.385999999999999943e+01 9.984902871557755910e-01
1.388000000000000078e+01 9.981950381048586562e-01
1.390000000000000036e+01 9.979786002677175638e-01
1.391999999999999993e+01 9.978595597743250556e-01
1.393999999999999950e+01 9.978491873161439152e-01
1.396000000000000085e+01 9.979510365928541127e-01
1.398000000000000043e+01 9.981599633830007257e-01
1.400000000000000000e+01 9.984625756655249873e-01
1.401999999999999957e+01 9.988380027553118712e-01
1.403999999999999915e+01 9.992593671598319904e-01
1.406000000000000050e+01 9.996958877700222734e-01
1.408000000000000007e+01 1.000114643635399148e+00
1.409999999999999964e+01 1.000483671074605674e+00
1.411999999999999922e+01 1.000774136840607120e+00
1.414000000000000057e+01 1.000962556868517650e+00
1.416000000000000014e+01 1.001032932285577770e+00
1.417999999999999972e+01 1.000977845829259971e+00
1.419999999999999929e+01 1.000799357735457251e+00
1.422000000000000064e+01 1.000508939089409521e+00
1.424000000000000021e+01 1.000126642829664236e+00
1.425999999999999979e+01 9.996799008088572691e-01
1.427999999999999936e+01 9.992014433963404274e-01
1.430000000000000071e+01 9.987267933759274019e-01
1.432000000000000028e+01 9.982917176239480828e-01
1.433999999999999986e+01 9.979296369798016375e-01
1.435999999999999943e+01 9.976688686277114249e-01
1.438000000000000078e+01 9.975305840149634173e-01
1.440000000000000036e+01 9.975273496113780114e-01
1.441999999999999993e+01 9.976619309407498415e-01
1.443999999999999950e+01 9.979271723689314699e-01
1.446000000000000085e+01 9.983066291909553636e-01
1.448000000000000043e+01 9.987756946556760607e-01
1.450000000000000000e+01 9.993035917636629017e-01
1.451999999999999957e+01 9.998555980029112389e-01
1.453999999999999915e+01 1.000395749835412351e+00
1.456000000000000050e+01 1.000889400537099849e+00
1.458000000000000007e+01 1.001305881171928869e+00
1.459999999999999964e+01 1.001620767646350885e+00
1.461999999999999922e+01 1.001817386076705452e+00
1.464000000000000057e+01 1.001887996624151622e+00
1.466000000000000014e+01 1.001834164833213192e+00
1.467999999999999972e+01 1.001666266552358575e+00
1.469999999999999929e+01 1.001402627378405352e+00
1.472000000000000064e+01 1.001067623572184040e+00
1.474000000000000021e+01 1.000689614177420195e+00
1.475999999999999979e+01 1.000298767279814482e+00
1.477999999999999936e+01 9.999244138915025504e-01
1.480000000000000071e+01 9.995927903114093516e-01
1.482000000000000028e+01 9.993250431164791836e-01
1.483999999999999986e+01 9.991359213430349717e-01
1.485999999999999943e+01 9.990324183060917962e-01
1.488000000000000078e+01 9.990141279275305264e-01
1.490000000000000036e+01 9.990730513580067251e-01
1.491999999999999993e+01 9.991951648209598247e-01
1.493999999999999950e+01 9.993615506849482522e-01
1.496000000000000085e+01 9.995507297816877967e-01
1.498000000000000043e+01 9.997404311244800779e-01
1.500000000000000000e+01 9.999098906598270498e-01
1.501999999999999957e+01 1.000041709734241113e+00
1.503999999999999915e+01 1.000123457956742401e+00
1.506000000000000050e+01 1.000148962719082713e+00
1.508000000000000007e+01 1.000118327732877788e+00
1.509999999999999964e+01 1.000038371103368018e+00
1.511999999999999922e+01 9.999215031622660232e-01
1.514000000000000057e+01 9.997846131949296167e-01
1.516000000000000014e+01 9.996473080865532213e-01
1.517999999999999972e+01 9.995301052532218344e-01
1.519999999999999929e+01 9.994522229164360949e-01
1.522000000000000064e+01 9.994296257284857044e-01
1.524000000000000021e+01 9.994736204233450882e-01
1.525999999999999979e+01 9.995892845322617015e-01
1.527999999999999936e+01 9.997749739136189140e-01
1.530000000000000071e+01 1.000022307514311981e+00
1.532000000000000028e+01 1.000316625001517190e+00
1.533999999999999986e+01 1.000638149016547462e+00
1.535999999999999943e+01 1.000963668808494633e+00
1.538000000000000078e+01 1.001268563911649423e+00
1.540000000000000036e+01 1.001528812054004680e+00
1.541999999999999993e+01 1.001723392414561209e+00
1.543999999999999950e+01 1.001835907952671745e+00
1.546000000000000085e+01 1.001856429379903490e+00
1.548000000000000043e+01 1.001782330625030637e+00
1.550000000000000000e+01 1.001618884200403015e+00
1.551999999999999957e+01 1.001378860314851682e+00
1.553999999999999915e+01 1.001081604766679511e+00
1.556000000000000050e+01 1.000751425759156099e+00
1.558000000000000007e+01 1.000415993141054338e+00
1.559999999999999964e+01 1.000103647329556589e+00
1.561999999999999922e+01 9.998410187018113016e-01
1.564000000000000057e+01 9.996510704456070817e-01
1.566000000000000014e+01 9.995506361095298775e-01
1.567999999999999972e+01 9.995491884781591008e-01
1.569999999999999929e+01 9.996476755207164278e-01
1.572000000000000064e+01 9.998385746201708946e-01
1.574000000000000021e+01 1.000106003905948393e+00
1.575999999999999979e+01 1.000427153952067938e+00
1.577999999999999936e+01 1.000774110186545052e+00
1.580000000000000071e+01 1.001116062550058361e+00
1.582000000000000028e+01 1.001421727298351882e+00
1.583999999999999986e+01 1.001662207689071327e+00
1.585999999999999943e+01 1.001813319287365278e+00
1.588000000000000078e+01 1.001857726670016824e+00
1.590000000000000036e+01 1.001786665435737023e+00
1.591999999999999993e+01 1.001600513901032885e+00
1.593999999999999950e+01 1.001309417287590042e+00
1.596000000000000085e+01 1.000932205490536742e+00
1.598000000000000043e+01 1.000495092360786709e+00
1.600000000000000000e+01 1.000030045248429200e+00
1.601999999999999957e+01 9.995716409420546400e-01
1.603999999999999915e+01 9.991549046315826299e-01
1.605999999999999872e+01 9.988119812273720255e-01
1.607999999999999829e+01 9.985697886352639108e-01
1.610000000000000142e+01 9.984475760608536588e-01
1.612000000000000099e+01 9.984555113913953228e-01
1.614000000000000057e+01 9.985933912636179022e-01
1.616000000000000014e+01 9.988507052422552768e-01
1.617999999999999972e+01 9.992074828634511796e-01
1.619999999999999929e+01 9.996353020552894986e-01
1.621999999999999886e+01 1.000100131990557584e+00
1.623999999999999844e+01 1.000564262994073639e+00
1.626000000000000156e+01 1.000989781180722460e+00
1.628000000000000114e+01 1.001341461389633869e+00
1.630000000000000071e+01 1.001589305574716926e+00
1.632000000000000028e+01 1.001711395368137802e+00
1.633999999999999986e+01 1.001695283163912320e+00
1.635999999999999943e+01 1.001539483672549746e+00
1.637999999999999901e+01 1.001253241186846887e+00
1.639999999999999858e+01 1.000856243348281938e+00
1.642000000000000171e+01 1.000376958627938961e+00
1.644000000000000128e+01 9.998505453984595226e-01
1.646000000000000085e+01 9.993160612353083616e-01
1.648000000000000043e+01 9.988136925386618126e-01
1.650000000000000000e+01 9.983813458902492943e-01
1.651999999999999957e+01 9.980518669851092817e-01
1.653999999999999915e+01 9.978506081508626835e-01
1.655999999999999872e+01 9.977931228316057055e-01
1.657999999999999829e+01 9.978841872309841543e-01
1.660000000000000142e+01 9.981174289373915265e-01
1.662000000000000099e+01 9.984757208331654921e-01
1.664000000000000057e+01 9.989326058798104757e-01
1.666000000000000014e+01 9.994540376856393404e-01
1.667999999999999972e+01 1.000001411167489307e+00
1.669999999999999929e+01 1.000534137749853336e+00
1.671999999999999886e+01 1.001012905977465950e+00
1.673999999999999844e+01 1.001402702429778024e+00
1.676000000000000156e+01 1.001675216823368908e+00
1.678000000000000114e+01 1.001811175962362022e+00
1.680000000000000071e+01 1.001801529369990673e+00
1.682000000000000028e+01 1.001648195870131319e+00
1.683999999999999986e+01 1.001363675889003213e+00
1.685999999999999943e+01 1.000970183250331713e+00
1.687999999999999901e+01 1.000497495960281924e+00
1.689999999999999858e+01 9.999811972369673230e-01
1.692000000000000171e+01 9.994593238407792901e-01
1.694000000000000128e+01 9.989699466721355670e-01
1.696000000000000085e+01 9.985479144138490470e-01
1.698000000000000043e+01 9.982224732544408008e-01
1.700000000000000000e+01 9.980153294455099688e-01
1.701999999999999957e+01 9.979387787105332697e-01
1.703999999999999915e+01 9.979951770519300824e-01
1.705999999999999872e+01 9.981769990143748439e-01
1.707999999999999829e+01 9.984675315937204809e-01
1.710000000000000142e+01 9.988420927022457763e-01
1.712000000000000099e+01 9.992706159924236164e-01
1.714000000000000057e+01 9.997195837555157283e-01
1.716000000000000014e+01 1.000154684908001412e+00
1.717999999999999972e+01 1.000543717892601547e+00
1.719999999999999929e+01 1.000858736439580010e+00
1.721999999999999886e+01 1.001078180375006621e+00
1.723999999999999844e+01 1.001188413958170820e+00
1.726000000000000156e+01 1.001184309391160099e+00
1.728000000000000114e+01 1.001069878667388169e+00
1.730000000000000071e+01 1.000857278790839411e+00
1.732000000000000028e+01 1.000565980697871726e+00
1.733999999999999986e+01 1.000220951943911363e+00
1.735999999999999943e+01 9.998506955032189225e-01
1.737999999999999901e+01 9.994848333028368836e-01
1.739999999999999858e+01 9.991519665707325748e-01
1.742000000000000171e+01 9.988774469831255276e-01
1.744000000000000128e+01 9.986814227001997724e-01
1.746000000000000085e+01 9.985776755959163697e-01
1.748000000000000043e+01 9.985724146785713851e-01
1.750000000000000000e+01 9.986644228292529402e-01
1.751999999999999957e+01 9.988448924947544993e-01
1.753999999999999915e+01 9.990987077104208636e-01
1.755999999999999872e+01 9.994056142506023699e-01
1.757999999999999829e+01 9.997419482593360440e-01
1.760000000000000142e+01 1.000082353094907006e+00
1.762000000000000099e+01 1.000402255184170697e+00
1.764000000000000057e+01 1.000679193952646040e+00
1.766000000000000014e+01 1.000894655355436980e+00
1.767999999999999972e+01 1.001035432111337498e+00
1.769999999999999929e+01 1.001094412087868646e+00
1.771999999999999886e+01 1.001070748265048271e+00
1.773999999999999844e+01 1.000970027549463293e+00
1.776000000000000156e+01 1.000803164069580253e+00
1.778000000000000114e+01 1.000585707282660275e+00
1.780000000000000071e+01 1.000336340976935912e+00
1.782000000000000028e+01 1.000075392381515993e+00
1.783999999999999986e+01 9.998229453324050109e-01
1.785999999999999943e+01 9.995977771513764321e-01
1.787999999999999901e+01 9.994153406326966582e-01
1.789999999999999858e+01 9.992872768515355109e-01
1.792000000000000171e+01 9.992202744749510979e-01
1.794000000000000128e+01 9.992159964399484062e-01
1.796000000000000085e+01 9.992710575289127650e-01
1.798000000000000043e+01 9.993775056087331743e-01
1.800000000000000000e+01 9.995237020253191496e-01
1.801999999999999957e+01 9.996954473335079028e-01
1.803999999999999915e+01 9.998771999066208283e-01
1.805999999999999872e+01 1.000053486962394045e+00
1.807999999999999829e+01 1.000209905640410346e+00
1.810000000000000142e+01 1.000334667635946140e+00
1.812000000000000099e+01 1.000419084394598146e+00
1.814000000000000057e+01 1.000458348540976372e+00
1.816000000000000014e+01 1.000451861472846815e+00
1.817999999999999972e+01 1.000402911425673835e+00
1.819999999999999929e+01 1.000318353659811921e+00
1.821999999999999886e+01 1.000207944936941651e+00
1.823999999999999844e+01 1.000083235671880066e+00
1.826000000000000156e+01 9.999568164200602904e-01
1.828000000000000114e+01 9.998407769104162846e-01
1.830000000000000071e+01 9.997461151308467686e-01
1.832000000000000028e+01 9.996814090302990063e-01
1.833999999999999986e+01 9.996522867207024987e-01
1.835999999999999943e+01 9.996610973787211085e-01
1.837999999999999901e+01 9.997063872736692280e-01
1.839999999999999858e+01 9.997834124562587910e-01
1.842000000000000171e+01 9.998845006613891195e-01
1.844000000000000128e+01 9.999996072372147049e-01
1.846000000000000085e+01 1.000117308839786334e+00
1.848000000000000043e+01 1.000225790675129733e+00
1.850000000000000000e+01 1.000313876273711378e+00
1.851999999999999957e+01 1.000372099475773657e+00
1.853999999999999915e+01 1.000393378833929203e+00
1.855999999999999872e+01 1.000373931545000650e+00
1.857999999999999829e+01 1.000313353147115336e+00
1.860000000000000142e+01 1.000215183432850541e+00
1.862000000000000099e+01 1.000086301817436185e+00
1.864000000000000057e+01 9.999367151480269555e-01
1.866000000000000014e+01 9.997788617123701815e-01
1.867999999999999972e+01 9.996264350727807058e-01
1.869999999999999929e+01 9.994937479878349684e-01
1.871999999999999886e+01 9.993941815521862893e-01
1.873999999999999844e+01 9.993394655270386728e-01
1.876000000000000156e+01 9.993385289529435056e-01
1.878000000000000114e+01 9.993967437589876823e-01
1.880000000000000071e+01 9.995154621313537824e-01
1.882000000000000028e+01 9.996916530398097800e-01
1.883999999999999986e+01 9.999180696621414732e-01
1.885999999999999943e+01 1.000183463745343948e+00
1.887999999999999901e+01 1.000473517872001672e+00
1.889999999999999858e+01 1.000771484404908707e+00
1.892000000000000171e+01 1.001059298877186032e+00
1.894000000000000128e+01 1.001319116521638630e+00
1.896000000000000085e+01 1.001533979595919055e+00
1.898000000000000043e+01 1.001689434459293038e+00
1.900000000000000000e+01 1.001774471359704544e+00
1.901999999999999957e+01 1.001782125104017096e+00
1.903999999999999915e+01 1.001710357231873516e+00
1.905999999999999872e+01 1.001561935170485418e+00
1.907999999999999829e+01 1.001344454495087133e+00
1.910000000000000142e+01 1.001070076656374930e+00
1.912000000000000099e+01 1.000754321368423572e+00
1.914000000000000057e+01 1.000415528765072892e+00
1.916000000000000014e+01 1.000073379916273542e+00
1.917999999999999972e+01 9.997477570089591259e-01
1.919999999999999929e+01 9.994572805878519928e-01
1.921999999999999886e+01 9.992179972377762676e-01
1.923999999999999844e+01 9.990425930444812863e-01
1.926000000000000156e+01 9.989392829203239677e-01
1.928000000000000114e+01 9.989111764062522658e-01
1.930000000000000071e+01 9.989564917552263834e-01
1.932000000000000028e+01 9.990682063764753096e-01
1.933999999999999986e+01 9.992349265258967383e-01
1.935999999999999943e+01 9.994414710319855510e-01
1.937999999999999901e+01 9.996702455461496939e-01
1.939999999999999858e+01 9.999020949677448478e-01
1.942000000000000171e+01 1.000118129576195170e+00
1.944000000000000128e+01 1.000300887912551673e+00
1.946000000000000085e+01 1.000435492490147293e+00
1.948000000000000043e+01 1.000511077231331258e+00
1.950000000000000000e+01 1.000521184735319702e+00
1.951999999999999957e+01 1.000464764030918330e+00
1.953999999999999915e+01 1.000345725924171703e+00
1.955999999999999872e+01 1.000173102768054045e+00
1.957999999999999829e+01 9.999602362783821530e-01
1.960000000000000142e+01 9.997236931840519647e-01
1.962000000000000099e+01 9.994822797946272264e-01
1.964000000000000057e+01 9.992554172500447418e-01
1.966000000000000014e+01 9.990618490285909647e-01
1.967999999999999972e+01 9.989179883203889165e-01
1.969999999999999929e+01 9.988369647962411779e-01
1.971999999999999886e+01 9.988272180907490361e-01
1.973999999999999844e+01 9.988920629401750739e-01
1.976000000000000156e+01 9.990292111454708301e-01
1.978000000000000114e+01 9.992309829760385176e-01
1.980000000000000071e+01 9.994846544616848849e-01
1.982000000000000028e+01 9.997734877369612860e-01
1.983999999999999986e+01 1.000077846415497795e+00
1.985999999999999943e+01 1.000376577734952921e+00
1.987999999999999901e+01 1.000648887289641298e+00
1.989999999999999858e+01 1.000875429070814171e+00
1.992000000000000171e+01 1.001040116103664168e+00
1.994000000000000128e+01 1.001131329960291527e+00
1.996000000000000085e+01 1.001142760148054922e+00
1.998000000000000043e+01 1.001073875966773885e+00
2.000000000000000000e+01 1.000930214471142943e+00
