# r(Angstrom)	g(r)	in_region	integrand
0.000000000000000000e+00 nan 0.000000000000000000e+00 nan
3.006800000000000098e-02 4.557879457246172272e-03 0.000000000000000000e+00 4.194370606132648236e-06
6.011299999999999977e-02 2.246503538135524725e-02 0.000000000000000000e+00 8.263019823401865057e-05
9.015800000000000203e-02 4.896679236586731765e-02 0.000000000000000000e+00 4.051399563400728322e-04
1.202030000000000043e-01 8.176222330432902918e-02 0.000000000000000000e+00 1.202480905924295344e-03
1.502479999999999927e-01 1.179649753356327713e-01 0.000000000000000000e+00 2.710599559986684361e-03
1.802930000000000088e-01 1.543839959011615859e-01 0.000000000000000000e+00 5.108047074527247329e-03
2.103379999999999972e-01 1.878719328143302336e-01 0.000000000000000000e+00 8.460426687545968133e-03
2.403830000000000133e-01 2.154980856328018168e-01 0.000000000000000000e+00 1.267493676104286884e-02
2.704280000000000017e-01 2.347622806284960228e-01 0.000000000000000000e+00 1.747537545701792830e-02
3.004729999999999901e-01 2.436869698742333279e-01 0.000000000000000000e+00 2.239433119947115830e-02
3.305179999999999785e-01 2.408650427983559661e-01 0.000000000000000000e+00 2.678297955240256309e-02
3.605630000000000224e-01 2.255436776139223554e-01 0.000000000000000000e+00 2.984611840381213785e-02
3.906080000000000108e-01 1.976443428617135067e-01 0.000000000000000000e+00 3.069456892969988152e-02
4.206529999999999991e-01 1.578279439872922740e-01 0.000000000000000000e+00 2.842672073706577901e-02
4.506979999999999875e-01 1.076058464871275655e-01 0.000000000000000000e+00 2.224856541090986656e-02
4.807429999999999759e-01 4.939291870780782023e-02 0.000000000000000000e+00 1.161944839723207459e-02
5.107880000000000198e-01 -1.342929484386523598e-02 0.000000000000000000e+00 -3.566395173967477124e-03
5.408330000000000082e-01 -7.655038426739468882e-02 0.000000000000000000e+00 -2.279127514768892679e-02
5.708779999999999966e-01 -1.349428051170022957e-01 0.000000000000000000e+00 -4.476424153693221719e-02
6.009229999999999849e-01 -1.831801201069596097e-01 0.000000000000000000e+00 -6.733035057769731768e-02
6.309679999999999733e-01 -2.159835096696103296e-01 0.000000000000000000e+00 -8.752460217398423670e-02
6.610139999999999905e-01 -2.288670721669201491e-01 0.000000000000000000e+00 -1.017886869862121846e-01
6.910589999999999788e-01 -2.188767486695233355e-01 0.000000000000000000e+00 -1.063958690963726361e-01
7.211039999999999672e-01 -1.852759609540548524e-01 0.000000000000000000e+00 -9.806403671405516942e-02
7.511489999999999556e-01 -1.300699649534022839e-01 0.000000000000000000e+00 -7.470060048725934987e-02
7.811940000000000550e-01 -5.823160099616120355e-02 0.000000000000000000e+00 -3.617190749398529331e-02
8.112390000000000434e-01 2.246071175688335586e-02 0.000000000000000000e+00 1.504582615276682522e-02
8.412840000000000318e-01 1.020232188729497391e-01 0.000000000000000000e+00 7.349861631999692058e-02
8.713290000000000202e-01 1.693134127099999997e-01 0.000000000000000000e+00 1.308430272937055050e-01
9.013740000000000085e-01 2.133893818938730202e-01 0.000000000000000000e+00 1.764727859338920957e-01
9.314189999999999969e-01 2.250807166407517990e-01 0.000000000000000000e+00 1.987574232795568663e-01
9.614639999999999853e-01 1.985182866965516935e-01 0.000000000000000000e+00 1.867933696256998677e-01
9.915089999999999737e-01 1.324027290363942733e-01 0.000000000000000000e+00 1.324906226133208409e-01
1.021554000000000073e+00 3.079327539497789257e-02 0.000000000000000000e+00 3.270946390542048970e-02
1.051598999999999950e+00 -9.678049952006251289e-02 0.000000000000000000e+00 -1.089389214270023443e-01
1.081644000000000050e+00 -2.359303810395838585e-01 0.000000000000000000e+00 -2.809619077329465475e-01
1.111688999999999927e+00 -3.687898518799481717e-01 0.000000000000000000e+00 -4.639171861974130118e-01
1.141734000000000027e+00 -4.760068481265620211e-01 0.000000000000000000e+00 -6.315939366974009372e-01
1.171778999999999904e+00 -5.391048682982551021e-01 0.000000000000000000e+00 -7.534588834329111195e-01
1.201824000000000003e+00 -5.429566903488098895e-01 1.000000000000000000e+00 -7.982553110919421435e-01
1.231869000000000103e+00 -4.779893979820812877e-01 1.000000000000000000e+00 -7.383158628884959329e-01
1.261913999999999980e+00 -3.418245010652389837e-01 1.000000000000000000e+00 -5.540610089965708474e-01
1.291959000000000080e+00 -1.400626160835987122e-01 1.000000000000000000e+00 -2.379658188881683956e-01
1.322003999999999957e+00 1.139053579935591642e-01 1.000000000000000000e+00 2.026303873527124377e-01
1.352049000000000056e+00 4.001067801464673890e-01 1.000000000000000000e+00 7.444844933580716528e-01
1.382095000000000073e+00 6.940961154926559296e-01 1.000000000000000000e+00 1.349554067371606214e+00
1.412139999999999951e+00 9.696824113106916609e-01 1.000000000000000000e+00 1.968248417640091175e+00
1.442185000000000050e+00 1.201948202756738082e+00 1.000000000000000000e+00 2.544617934172055396e+00
1.472229999999999928e+00 1.370159743571000455e+00 1.000000000000000000e+00 3.022855677122496587e+00
1.502275000000000027e+00 1.460172868991558071e+00 1.000000000000000000e+00 3.354270152046417763e+00
1.532319999999999904e+00 1.465991863437003051e+00 1.000000000000000000e+00 3.503687654878814506e+00
1.562365000000000004e+00 1.390313395932320617e+00 1.000000000000000000e+00 3.454399744724691246e+00
1.592410000000000103e+00 1.243952042942074065e+00 1.000000000000000000e+00 3.210763468289046241e+00
1.622454999999999981e+00 1.044269365817048767e+00 1.000000000000000000e+00 2.798032413061878998e+00
1.652500000000000080e+00 8.128249167431316202e-01 1.000000000000000000e+00 2.259304812693189835e+00
1.682544999999999957e+00 5.726068500566474651e-01 1.000000000000000000e+00 1.650003246572978588e+00
1.712590000000000057e+00 3.452184550089608672e-01 1.000000000000000000e+00 1.030613186991245822e+00
1.742634999999999934e+00 1.484521366328895864e-01 1.000000000000000000e+00 4.588747916629911661e-01
1.772680000000000033e+00 -5.467030426548502575e-03 1.000000000000000000e+00 -1.748666795678466973e-02
1.802724999999999911e+00 -1.107160367477963980e-01 1.000000000000000000e+00 -3.662388208730837924e-01
1.832770000000000010e+00 -1.677249498439636888e-01 1.000000000000000000e+00 -5.734670750209034384e-01
1.862815000000000110e+00 -1.821304792433124931e-01 1.000000000000000000e+00 -6.433050578702455002e-01
1.892859999999999987e+00 -1.630350954959938203e-01 1.000000000000000000e+00 -5.945836636711100409e-01
1.922905000000000086e+00 -1.208918737612916239e-01 0.000000000000000000e+00 -4.549960739784944530e-01
1.952949999999999964e+00 -6.537782520115031915e-02 0.000000000000000000e+00 -2.538093410274019357e-01
1.982995000000000063e+00 -3.609684286952630217e-03 0.000000000000000000e+00 -1.444798693283257107e-02
2.013040000000000163e+00 6.102079482127809040e-02 0.000000000000000000e+00 2.516967178302176866e-01
2.043085000000000040e+00 1.292067195386051859e-01 0.000000000000000000e+00 5.489753619067447854e-01
2.073129999999999917e+00 2.052423970748956661e-01 0.000000000000000000e+00 8.978732515817487991e-01
2.103174999999999795e+00 2.958108457991951434e-01 0.000000000000000000e+00 1.331863746805231896e+00
2.133220000000000116e+00 4.082377603962016321e-01 0.000000000000000000e+00 1.890946968247194881e+00
2.163264999999999993e+00 5.485630849083997784e-01 0.000000000000000000e+00 2.613009022002634296e+00
2.193309999999999871e+00 7.197191255418121658e-01 0.000000000000000000e+00 3.524179040376551608e+00
2.223355999999999888e+00 9.201794265954228447e-01 0.000000000000000000e+00 4.630047169452440770e+00
2.253401000000000209e+00 1.143294440779748955e+00 0.000000000000000000e+00 5.909217020636485351e+00
2.283446000000000087e+00 1.377469448621043924e+00 0.000000000000000000e+00 7.310689678007008752e+00
2.313490999999999964e+00 1.607162161032005709e+00 0.000000000000000000e+00 8.755686646984008448e+00
2.343535999999999841e+00 1.814593484828086023e+00 0.000000000000000000e+00 1.014419265765548595e+01
2.373581000000000163e+00 1.981918882987264485e+00 0.000000000000000000e+00 1.136550852767644315e+01
2.403626000000000040e+00 2.093538937310320591e+00 0.000000000000000000e+00 1.231146434886188068e+01
2.433670999999999918e+00 2.138222209010645969e+00 0.000000000000000000e+00 1.289055015687879191e+01
2.463715999999999795e+00 2.110731428852470781e+00 0.000000000000000000e+00 1.304094753258218020e+01
2.493761000000000116e+00 2.012688798647349842e+00 0.000000000000000000e+00 1.274034445305805541e+01
2.523805999999999994e+00 1.852590828361809550e+00 0.000000000000000000e+00 1.201119809222040224e+01
2.553850999999999871e+00 1.644944650718536128e+00 0.000000000000000000e+00 1.092036824076722468e+01
2.583896000000000193e+00 1.408642946105807869e+00 0.000000000000000000e+00 9.572951684500534242e+00
2.613941000000000070e+00 1.164820647639652318e+00 0.000000000000000000e+00 8.101128197739313919e+00
2.643985999999999947e+00 9.344709694234032415e-01 0.000000000000000000e+00 6.649347028666574566e+00
2.674030999999999825e+00 7.361361789341158701e-01 0.000000000000000000e+00 5.357792881712311939e+00
2.704076000000000146e+00 5.839822963642411491e-01 0.000000000000000000e+00 4.346426617154529382e+00
2.734121000000000024e+00 4.864642648557317983e-01 0.000000000000000000e+00 3.701530114830224871e+00
2.764165999999999901e+00 4.457580911344319885e-01 0.000000000000000000e+00 3.466748683724397484e+00
2.794210999999999778e+00 4.579612965261917745e-01 0.000000000000000000e+00 3.639502777480048135e+00
2.824256000000000100e+00 5.140152478532176161e-01 0.000000000000000000e+00 4.173294233280178567e+00
2.854300999999999977e+00 6.011660715993747406e-01 0.000000000000000000e+00 4.985272293603786764e+00
2.884345999999999854e+00 7.047607058431718530e-01 0.000000000000000000e+00 5.968033842293871238e+00
2.914391999999999872e+00 8.101142928305710145e-01 0.000000000000000000e+00 7.003854407000875248e+00
2.944437000000000193e+00 9.042115044895967513e-01 0.000000000000000000e+00 7.979385444663088300e+00
2.974482000000000070e+00 9.770528593038465548e-01 0.000000000000000000e+00 8.799046913423778093e+00
3.004526999999999948e+00 1.022492705062392648e+00 0.000000000000000000e+00 9.395227989667944257e+00
3.034571999999999825e+00 1.038530271883838951e+00 0.000000000000000000e+00 9.734394342852592530e+00
3.064617000000000147e+00 1.027066742267789712e+00 0.000000000000000000e+00 9.818518484473718999e+00
3.094662000000000024e+00 9.932231363925758671e-01 0.000000000000000000e+00 9.682068586217321027e+00
3.124706999999999901e+00 9.443460398962769675e-01 0.000000000000000000e+00 9.385224096644400049e+00
3.154751999999999779e+00 8.888752007729070481e-01 0.000000000000000000e+00 9.004635162223959099e+00
3.184797000000000100e+00 8.352196980808265225e-01 0.000000000000000000e+00 8.623014614985999415e+00
3.214841999999999977e+00 7.907915573886044047e-01 0.000000000000000000e+00 8.319096727832514304e+00
3.244886999999999855e+00 7.612837956982001497e-01 0.000000000000000000e+00 8.159069333568508497e+00
3.274932000000000176e+00 7.502527954618255501e-01 0.000000000000000000e+00 8.190437088966980639e+00
3.304977000000000054e+00 7.590046661026845776e-01 0.000000000000000000e+00 8.438712900225931790e+00
3.335021999999999931e+00 7.867587636760033920e-01 0.000000000000000000e+00 8.907049757235357745e+00
3.365066999999999808e+00 8.310015618580931518e-01 0.000000000000000000e+00 9.578205580508262429e+00
3.395112000000000130e+00 8.879823329029711276e-01 0.000000000000000000e+00 1.041855333638165071e+01
3.425157000000000007e+00 9.532441219618550399e-01 0.000000000000000000e+00 1.138308516677551196e+01
3.455201999999999884e+00 1.022131283649446276e+00 0.000000000000000000e+00 1.242076795572185333e+01
3.485247000000000206e+00 1.090223128402334707e+00 0.000000000000000000e+00 1.347961220194067167e+01
3.515292000000000083e+00 1.153654221726821527e+00 0.000000000000000000e+00 1.451086675338397036e+01
3.545336999999999961e+00 1.209328060266086968e+00 0.000000000000000000e+00 1.547227084105774786e+01
3.575381999999999838e+00 1.255021328902329536e+00 0.000000000000000000e+00 1.633017686182599704e+01
3.605427999999999855e+00 1.289392943523835378e+00 0.000000000000000000e+00 1.706058136628811894e+01
3.635473000000000177e+00 1.311945475545664541e+00 0.000000000000000000e+00 1.764950445317649752e+01
3.665518000000000054e+00 1.322928211030268031e+00 0.000000000000000000e+00 1.809263715881935397e+01
3.695562999999999931e+00 1.323232117456327073e+00 0.000000000000000000e+00 1.839467576110669356e+01
3.725607999999999809e+00 1.314262640917629232e+00 0.000000000000000000e+00 1.856826650260850542e+01
3.755653000000000130e+00 1.297814229899360461e+00 0.000000000000000000e+00 1.863280903722180071e+01
3.785698000000000008e+00 1.275933187183122097e+00 0.000000000000000000e+00 1.861293016108356824e+01
3.815742999999999885e+00 1.250781336810204536e+00 0.000000000000000000e+00 1.853678905050781722e+01
3.845788000000000206e+00 1.224494075075982513e+00 0.000000000000000000e+00 1.843411323531654489e+01
3.875833000000000084e+00 1.199040714632035209e+00 0.000000000000000000e+00 1.833407169774975287e+01
3.905877999999999961e+00 1.176096304760105848e+00 0.000000000000000000e+00 1.826312603908543153e+01
3.935922999999999838e+00 1.156934298912241532e+00 0.000000000000000000e+00 1.824302135718959761e+01
3.965968000000000160e+00 1.142351349840907693e+00 0.000000000000000000e+00 1.828912775229623833e+01
3.996013000000000037e+00 1.132638276095424112e+00 0.000000000000000000e+00 1.840941134049935357e+01
4.026057999999999915e+00 1.127597472182384264e+00 0.000000000000000000e+00 1.860411565640495013e+01
4.056104000000000376e+00 1.126607956186588710e+00 0.000000000000000000e+00 1.886626197469900035e+01
4.086147999999999669e+00 1.128731732501592422e+00 0.000000000000000000e+00 1.918287968956357403e+01
4.116194000000000131e+00 1.132844359909969789e+00 0.000000000000000000e+00 1.953695158279892397e+01
4.146238000000000312e+00 1.137774388695416139e+00 0.000000000000000000e+00 1.990946049320611877e+01
4.176283999999999885e+00 1.142433225280167441e+00 0.000000000000000000e+00 2.028176548596875506e+01
4.206328000000000067e+00 1.145917090489940948e+00 0.000000000000000000e+00 2.063736995044656908e+01
4.236373999999999640e+00 1.147569741591503600e+00 0.000000000000000000e+00 2.096344046102850101e+01
4.266417999999999822e+00 1.147001696610585375e+00 0.000000000000000000e+00 2.125131208405093375e+01
4.296464000000000283e+00 1.144067101940179132e+00 0.000000000000000000e+00 2.149654849403017209e+01
4.326508999999999716e+00 1.138812410336626613e+00 0.000000000000000000e+00 2.169812951325271655e+01
4.356554000000000038e+00 1.131402177395974373e+00 0.000000000000000000e+00 2.185737967029374218e+01
4.386599000000000359e+00 1.122044859991990329e+00 0.000000000000000000e+00 2.197662380842024987e+01
4.416643999999999792e+00 1.110935234902826751e+00 0.000000000000000000e+00 2.205811586365522459e+01
4.446689000000000114e+00 1.098212220141395079e+00 0.000000000000000000e+00 2.210317524570069025e+01
4.476734000000000435e+00 1.083951532323516487e+00 0.000000000000000000e+00 2.211196441358462650e+01
4.506778999999999868e+00 1.068184360694721891e+00 0.000000000000000000e+00 2.208379067989004341e+01
4.536824000000000190e+00 1.050932839495432480e+00 0.000000000000000000e+00 2.201778919824794301e+01
4.566868999999999623e+00 1.032261114816028336e+00 0.000000000000000000e+00 2.191399503587131292e+01
4.596913999999999945e+00 1.012315432735626519e+00 0.000000000000000000e+00 2.177426471942116848e+01
4.626959000000000266e+00 9.913573573682586959e-01 0.000000000000000000e+00 2.160311707927749225e+01
4.657003999999999699e+00 9.697680673996957879e-01 0.000000000000000000e+00 2.140799449191629833e+01
4.687049000000000021e+00 9.480346707853963828e-01 0.000000000000000000e+00 2.119913257338158630e+01
4.717094000000000342e+00 9.267055934002219608e-01 0.000000000000000000e+00 2.098870911887335566e+01
4.747138999999999776e+00 9.063397975395925954e-01 0.000000000000000000e+00 2.078977695759359179e+01
4.777184000000000097e+00 8.874443436534061869e-01 0.000000000000000000e+00 2.061483896972831431e+01
4.807229000000000418e+00 8.704261467741551961e-01 0.000000000000000000e+00 2.047464748117151956e+01
4.837274999999999991e+00 8.555504350314593331e-01 0.000000000000000000e+00 2.037708490320361676e+01
4.867319000000000173e+00 8.429358913226125960e-01 0.000000000000000000e+00 2.032680167604434729e+01
4.897364999999999746e+00 8.325612831308226713e-01 0.000000000000000000e+00 2.032525673694074442e+01
4.927408999999999928e+00 8.243067490173352496e-01 0.000000000000000000e+00 2.037140408081108944e+01
4.957455000000000389e+00 8.179997167237549327e-01 0.000000000000000000e+00 2.046282535038179162e+01
4.987498999999999683e+00 8.134701132227781795e-01 0.000000000000000000e+00 2.059691267837074236e+01
5.017545000000000144e+00 8.105970661525119247e-01 0.000000000000000000e+00 2.077219843682174272e+01
5.047589000000000325e+00 8.093389729506026420e-01 0.000000000000000000e+00 2.098907538229832070e+01
5.077634999999999899e+00 8.097418064460084608e-01 0.000000000000000000e+00 2.125026757528560495e+01
5.107679000000000080e+00 8.119244057104859635e-01 0.000000000000000000e+00 2.156044250716579569e+01
5.137724999999999653e+00 8.160400303784849374e-01 0.000000000000000000e+00 2.192542677392838257e+01
5.167768999999999835e+00 8.222270599659939894e-01 0.000000000000000000e+00 2.235078769217718886e+01
5.197815000000000296e+00 8.305548025949244240e-01 0.000000000000000000e+00 2.284045824775507683e+01
5.227858999999999590e+00 8.409773847924444379e-01 0.000000000000000000e+00 2.339520911930949509e+01
5.257905000000000051e+00 8.533015054832095991e-01 0.000000000000000000e+00 2.401169757105568436e+01
5.287950000000000372e+00 8.671756639629535357e-01 0.000000000000000000e+00 2.468178952348370458e+01
5.317994999999999806e+00 8.821123266554818931e-01 0.000000000000000000e+00 2.539303569759019652e+01
5.348040000000000127e+00 8.975182361461787606e-01 0.000000000000000000e+00 2.612928092309517325e+01
5.378084999999999560e+00 9.127567630619687344e-01 0.000000000000000000e+00 2.687232641960862267e+01
5.408131000000000022e+00 9.272047120932447317e-01 0.000000000000000000e+00 2.760354872354925959e+01
5.438175000000000203e+00 9.403185459539223912e-01 0.000000000000000000e+00 2.830585272937597452e+01
5.468220999999999776e+00 9.516839022855754227e-01 0.000000000000000000e+00 2.896541285275488775e+01
5.498264999999999958e+00 9.610488750312194961e-01 0.000000000000000000e+00 2.957274871415222250e+01
5.528311000000000419e+00 9.683405509601559213e-01 0.000000000000000000e+00 3.012367374509044993e+01
5.558354999999999713e+00 9.736547410564045935e-01 0.000000000000000000e+00 3.061910043747238674e+01
5.588401000000000174e+00 9.772343205497164842e-01 0.000000000000000000e+00 3.106481111657991079e+01
5.618445000000000356e+00 9.794300647896839740e-01 0.000000000000000000e+00 3.147027816474147954e+01
5.648490999999999929e+00 9.806587172369642946e-01 0.000000000000000000e+00 3.184766954596528166e+01
5.678535000000000110e+00 9.813593133991435069e-01 0.000000000000000000e+00 3.221035750968446365e+01
5.708580999999999683e+00 9.819558221089010885e-01 0.000000000000000000e+00 3.257190562428257152e+01
5.738626000000000005e+00 9.828259892084314497e-01 0.000000000000000000e+00 3.294483663817293717e+01
5.768671000000000326e+00 9.842799264795705216e-01 0.000000000000000000e+00 3.333995834109278178e+01
5.798715999999999759e+00 9.865499881041818186e-01 0.000000000000000000e+00 3.376584766327709275e+01
5.828761000000000081e+00 9.897816536105321639e-01 0.000000000000000000e+00 3.422841418485388232e+01
5.858806000000000402e+00 9.940337431884589403e-01 0.000000000000000000e+00 3.473075667059717375e+01
5.888850999999999836e+00 9.992811288656037183e-01 0.000000000000000000e+00 3.527310577420491455e+01
5.918896000000000157e+00 1.005415205327218287e+00 0.000000000000000000e+00 3.585269033773914771e+01
5.948940999999999590e+00 1.012254750604400177e+00 0.000000000000000000e+00 3.646397667164884382e+01
5.978985999999999912e+00 1.019552351427596371e+00 0.000000000000000000e+00 3.709876791445304889e+01
6.009031000000000233e+00 1.027011753383140436e+00 0.000000000000000000e+00 3.774671705409171807e+01
6.039075999999999667e+00 1.034308109440933876e+00 0.000000000000000000e+00 3.839598407579284611e+01
6.069120999999999988e+00 1.041116530159343911e+00 0.000000000000000000e+00 3.903424800318447296e+01
6.099166000000000309e+00 1.047140756510485327e+00 0.000000000000000000e+00 3.964978654084258380e+01
6.129210999999999743e+00 1.052147881767995896e+00 0.000000000000000000e+00 4.023285136097215542e+01
6.159256000000000064e+00 1.055994081852531297e+00 0.000000000000000000e+00 4.077677526695821086e+01
6.189301000000000386e+00 1.058643723182664864e+00 0.000000000000000000e+00 4.127888117894975295e+01
6.219345999999999819e+00 1.060178438788123012e+00 0.000000000000000000e+00 4.174104211486375249e+01
6.249392000000000280e+00 1.060785338981280690e+00 0.000000000000000000e+00 4.216944895002174576e+01
6.279435999999999574e+00 1.060734041019434581e+00 0.000000000000000000e+00 4.257382456989121522e+01
6.309482000000000035e+00 1.060335048878670028e+00 0.000000000000000000e+00 4.296604820642449596e+01
6.339526000000000217e+00 1.059897085881382095e+00 0.000000000000000000e+00 4.335829098376459712e+01
6.369571999999999790e+00 1.059677474081577975e+00 0.000000000000000000e+00 4.376118641023315803e+01
6.399615999999999971e+00 1.059839892966238706e+00 0.000000000000000000e+00 4.418175637294387315e+01
6.429662000000000432e+00 1.060429831407867507e+00 0.000000000000000000e+00 4.462241857916976073e+01
6.459705999999999726e+00 1.061364861540208260e+00 0.000000000000000000e+00 4.508012308803306922e+01
6.489752000000000187e+00 1.062448047872520673e+00 0.000000000000000000e+00 4.554689624478824328e+01
6.519796000000000369e+00 1.063401927305735573e+00 0.000000000000000000e+00 4.601085888539618196e+01
6.549841999999999942e+00 1.063914303139456008e+00 0.000000000000000000e+00 4.645828543781463793e+01
6.579886000000000124e+00 1.063692195520155037e+00 0.000000000000000000e+00 4.687568144697320349e+01
6.609931999999999697e+00 1.062514015164866432e+00 0.000000000000000000e+00 4.725236321717095933e+01
6.639977000000000018e+00 1.060267596656760070e+00 0.000000000000000000e+00 4.758209085286684115e+01
6.670022000000000340e+00 1.056968986235388819e+00 0.000000000000000000e+00 4.786429428147920362e+01
6.700066999999999773e+00 1.052764746727683942e+00 0.000000000000000000e+00 4.810436739057401212e+01
6.730112000000000094e+00 1.047902904995150486e+00 0.000000000000000000e+00 4.831261116011334877e+01
6.760157000000000416e+00 1.042693493302624175e+00 0.000000000000000000e+00 4.850261017268813646e+01
6.790201999999999849e+00 1.037456248531099856e+00 0.000000000000000000e+00 4.868891111523940651e+01
6.820247000000000170e+00 1.032466668791186315e+00 0.000000000000000000e+00 4.888449460055215212e+01
6.850291999999999604e+00 1.027916683816963772e+00 0.000000000000000000e+00 4.909880997490336796e+01
6.880336999999999925e+00 1.023886493859354374e+00 0.000000000000000000e+00 4.933624797376707249e+01
6.910382000000000247e+00 1.020343160030006802e+00 0.000000000000000000e+00 4.959584012072526349e+01
6.940427999999999820e+00 1.017160461729512244e+00 0.000000000000000000e+00 4.987200857335835025e+01
6.970472000000000001e+00 1.014156718803365997e+00 0.000000000000000000e+00 5.015616577286105127e+01
7.000517999999999574e+00 1.011144372129399338e+00 0.000000000000000000e+00 5.043922501330543895e+01
7.030561999999999756e+00 1.007980307575919943e+00 0.000000000000000000e+00 5.071390064316075552e+01
7.060608000000000217e+00 1.004607320561861972e+00 0.000000000000000000e+00 5.097713483194645079e+01
7.090652000000000399e+00 1.001076010060740318e+00 0.000000000000000000e+00 5.123117061542638595e+01
7.120697999999999972e+00 9.975475951888853610e-01 0.000000000000000000e+00 5.148416138429736577e+01
7.150743000000000293e+00 9.942659064879705300e-01 0.000000000000000000e+00 5.174873880333053933e+01
7.180787999999999727e+00 9.915184414308820804e-01 0.000000000000000000e+00 5.204031172211418976e+01
7.210833000000000048e+00 9.895763252359404127e-01 0.000000000000000000e+00 5.237391688917532662e+01
7.240878000000000370e+00 9.886401072747337260e-01 0.000000000000000000e+00 5.276130979247494679e+01
7.270922999999999803e+00 9.887909550746151188e-01 0.000000000000000000e+00 5.320818671647701592e+01
7.300968000000000124e+00 9.899626995553829634e-01 0.000000000000000000e+00 5.371240568010559713e+01
7.331012999999999558e+00 9.919392257376615785e-01 0.000000000000000000e+00 5.426351554007363376e+01
7.361057999999999879e+00 9.943814229463148191e-01 0.000000000000000000e+00 5.484390431669015697e+01
7.391103000000000200e+00 9.968728842618678199e-01 0.000000000000000000e+00 5.543105888903516387e+01
7.421147999999999634e+00 9.989868686887511950e-01 0.000000000000000000e+00 5.600113745189663206e+01
7.451192999999999955e+00 1.000351643278263536e+00 0.000000000000000000e+00 5.653263102608759993e+01
7.481238000000000277e+00 1.000713988109024344e+00 0.000000000000000000e+00 5.701009905966703428e+01
7.511282999999999710e+00 9.999789420122805472e-01 0.000000000000000000e+00 5.742671680389094035e+01
7.541328000000000031e+00 9.982248883615345569e-01 0.000000000000000000e+00 5.778550821440733642e+01
7.571373000000000353e+00 9.956879185627117712e-01 0.000000000000000000e+00 5.809883238896921398e+01
7.601417999999999786e+00 9.927202005862638678e-01 0.000000000000000000e+00 5.838630237049555660e+01
7.631463000000000108e+00 9.897261585794119298e-01 0.000000000000000000e+00 5.867127656633238075e+01
7.661508999999999681e+00 9.870920773002699322e-01 0.000000000000000000e+00 5.897679681971923316e+01
7.691552999999999862e+00 9.851200286904817638e-01 0.000000000000000000e+00 5.932149750018146506e+01
7.721599000000000323e+00 9.839743101536522207e-01 0.000000000000000000e+00 5.971633294829762661e+01
7.751642999999999617e+00 9.836592466987008621e-01 0.000000000000000000e+00 6.016266808910646091e+01
7.781689000000000078e+00 9.840207951385483431e-01 0.000000000000000000e+00 6.065224760180792174e+01
7.811733000000000260e+00 9.847832620839397366e-01 0.000000000000000000e+00 6.116885107764738905e+01
7.841778999999999833e+00 9.856031579551511879e-01 0.000000000000000000e+00 6.169161883454712836e+01
7.871823000000000015e+00 9.861382280909848363e-01 0.000000000000000000e+00 6.219898794910621120e+01
7.901868999999999588e+00 9.861158407665309156e-01 0.000000000000000000e+00 6.267328651649025062e+01
7.931912999999999769e+00 9.853868807291211729e-01 0.000000000000000000e+00 6.310409502227894052e+01
7.961959000000000231e+00 9.839557757750959643e-01 0.000000000000000000e+00 6.349073226164529160e+01
7.992003000000000412e+00 9.819842194941033053e-01 0.000000000000000000e+00 6.384261509590561445e+01
8.022049000000000873e+00 9.797599674779570167e-01 0.000000000000000000e+00 6.417785447139125665e+01
8.052094000000000307e+00 9.776466259653737723e-01 0.000000000000000000e+00 6.452001520567593218e+01
8.082138000000000488e+00 9.760150422761887379e-01 0.000000000000000000e+00 6.489390626786016014e+01
8.112183999999999173e+00 9.751739014995038923e-01 0.000000000000000000e+00 6.532095689639072589e+01
8.142229000000000383e+00 9.753112403168289202e-01 0.000000000000000000e+00 6.581497759666687841e+01
8.172273999999999816e+00 9.764573835184852113e-01 0.000000000000000000e+00 6.637950585014147009e+01
8.202317999999999998e+00 9.784764365580991274e-01 0.000000000000000000e+00 6.700673545622893812e+01
8.232364000000000459e+00 9.810884288846842827e-01 0.000000000000000000e+00 6.767872464599811622e+01
8.262408999999999892e+00 9.839172100743635019e-01 0.000000000000000000e+00 6.837019500272516837e+01
8.292453999999999326e+00 9.865578526118484737e-01 0.000000000000000000e+00 6.905316402361066253e+01
8.322497999999999507e+00 9.886463320055576265e-01 0.000000000000000000e+00 6.970167925186736113e+01
8.352543999999999969e+00 9.899233746468328876e-01 0.000000000000000000e+00 7.029654919020512693e+01
8.382588999999999402e+00 9.902801501440846588e-01 0.000000000000000000e+00 7.082870525868206357e+01
8.412634000000000611e+00 9.897740497812158589e-01 0.000000000000000000e+00 7.130088753620952957e+01
8.442678000000000793e+00 9.886167606203272173e-01 0.000000000000000000e+00 7.172710517032545852e+01
8.472723999999999478e+00 9.871319978503406700e-01 0.000000000000000000e+00 7.213004972148380034e+01
8.502769000000000688e+00 9.856967803553906560e-01 0.000000000000000000e+00 7.253689843290568717e+01
8.532814000000000121e+00 9.846693512871024234e-01 0.000000000000000000e+00 7.297428710802201124e+01
8.562858999999999554e+00 9.843272010867492039e-01 0.000000000000000000e+00 7.346355745482682664e+01
8.592904000000000764e+00 9.848146305208311801e-01 0.000000000000000000e+00 7.401662776897015306e+01
8.622949999999999449e+00 9.861205770772943913e-01 0.000000000000000000e+00 7.463398652761392782e+01
8.652993999999999630e+00 9.880832343488389347e-01 0.000000000000000000e+00 7.530455012565015238e+01
8.683039000000000840e+00 9.904231118978419346e-01 0.000000000000000000e+00 7.600797328782691409e+01
8.713084000000000273e+00 9.927972536073262910e-01 0.000000000000000000e+00 7.671834966448011528e+01
8.743130000000000734e+00 9.948639363177714801e-01 0.000000000000000000e+00 7.740917567318849990e+01
8.773173999999999140e+00 9.963484896451608730e-01 0.000000000000000000e+00 7.805839827006593623e+01
8.803219000000000349e+00 9.970946095039076029e-01 0.000000000000000000e+00 7.865281366937360019e+01
8.833263999999999783e+00 9.970913677557675658e-01 0.000000000000000000e+00 7.919034957514170969e+01
8.863310000000000244e+00 9.964759611476136092e-01 0.000000000000000000e+00 7.968078202387872011e+01
8.893354000000000426e+00 9.955060197720059234e-01 0.000000000000000000e+00 8.014380043856139935e+01
8.923398999999999859e+00 9.945111226655256598e-01 0.000000000000000000e+00 8.060558837040595392e+01
8.953443999999999292e+00 9.938312366233050810e-01 0.000000000000000000e+00 8.109382189171897437e+01
8.983489999999999753e+00 9.937508195499894503e-01 0.000000000000000000e+00 8.163239908893457653e+01
9.013534999999999187e+00 9.944503672364914948e-01 0.000000000000000000e+00 8.223719605848974368e+01
9.043578999999999368e+00 9.959693618911665824e-01 0.000000000000000000e+00 8.291279111046095807e+01
9.073624999999999829e+00 9.982031925181262810e-01 0.000000000000000000e+00 8.365183852923050267e+01
9.103669999999999263e+00 1.000922471853977314e+00 0.000000000000000000e+00 8.443613308827607966e+01
9.133715000000000472e+00 1.003817579885950995e+00 0.000000000000000000e+00 8.524022598839518139e+01
9.163759000000000654e+00 1.006556584027693324e+00 0.000000000000000000e+00 8.603603646562365270e+01
9.193804999999999339e+00 1.008848647199714010e+00 0.000000000000000000e+00 8.679835113571375871e+01
9.223850000000000549e+00 1.010495875364639140e+00 0.000000000000000000e+00 8.750923586659328635e+01
9.253894999999999982e+00 1.011431294938022640e+00 0.000000000000000000e+00 8.816179112862126033e+01
9.283939999999999415e+00 1.011727637459904017e+00 0.000000000000000000e+00 8.876119628093771041e+01
9.313985999999999876e+00 1.011581793883853164e+00 0.000000000000000000e+00 8.932377089161863637e+01
9.344030000000000058e+00 1.011275079136016553e+00 0.000000000000000000e+00 8.987370304392608489e+01
9.374074999999999491e+00 1.011117788097857462e+00 0.000000000000000000e+00 9.043852725734299725e+01
9.404120000000000701e+00 1.011385123434668021e+00 0.000000000000000000e+00 9.104325339080837409e+01
9.434165999999999386e+00 1.012263596134149513e+00 0.000000000000000000e+00 9.170553078708385897e+01
9.464211000000000595e+00 1.013809464034144625e+00 0.000000000000000000e+00 9.243151091788239171e+01
9.494255000000000777e+00 1.015933196032241081e+00 0.000000000000000000e+00 9.321414451809538093e+01
9.524300999999999462e+00 1.018411051591525451e+00 0.000000000000000000e+00 9.403384848925583128e+01
9.554346000000000672e+00 1.020919185403774465e+00 0.000000000000000000e+00 9.486110464010278065e+01
9.584391000000000105e+00 1.023088911868707873e+00 0.000000000000000000e+00 9.566152635152019457e+01
9.614435000000000286e+00 1.024570259491781599e+00 0.000000000000000000e+00 9.640158257465341762e+01
9.644481000000000748e+00 1.025091663658121988e+00 0.000000000000000000e+00 9.705441770848949545e+01
9.674526000000000181e+00 1.024508330421532998e+00 0.000000000000000000e+00 9.760448385153331685e+01
9.704570999999999614e+00 1.022827885832628292e+00 0.000000000000000000e+00 9.805057080365264710e+01
9.734614999999999796e+00 1.020209855081067873e+00 0.000000000000000000e+00 9.840608574115709928e+01
9.764661000000000257e+00 1.016941278794758041e+00 0.000000000000000000e+00 9.869726089552476367e+01
9.794705999999999690e+00 1.013389039776373179e+00 0.000000000000000000e+00 9.895868033188750701e+01
9.824750999999999124e+00 1.009941423773732971e+00 0.000000000000000000e+00 9.922798520358772123e+01
9.854794999999999305e+00 1.006946593686204761e+00 0.000000000000000000e+00 9.953974159653141385e+01
9.884840999999999767e+00 1.004660617343018592e+00 0.000000000000000000e+00 9.992027879394466083e+01
9.914885999999999200e+00 1.003212802157126937e+00 0.000000000000000000e+00 1.003837461429593390e+02
9.944931000000000409e+00 1.002592685984327936e+00 0.000000000000000000e+00 1.009306252052425066e+02
9.974975999999999843e+00 1.002662684018072792e+00 0.000000000000000000e+00 1.015484862566481326e+02
1.000502000000000002e+01 1.003191124808803014e+00 0.000000000000000000e+00 1.022149655195363636e+02
1.003506999999999927e+01 1.003899081426696371e+00 0.000000000000000000e+00 1.029024588401654086e+02
1.006511000000000067e+01 1.004514089413931277e+00 0.000000000000000000e+00 1.035828763655416793e+02
1.009515999999999991e+01 1.004817421609137229e+00 0.000000000000000000e+00 1.042337715280093988e+02
1.012519999999999953e+01 1.004679417056778101e+00 0.000000000000000000e+00 1.048406267975209119e+02
1.015525000000000055e+01 1.004076315621045046e+00 0.000000000000000000e+00 1.054005420520572898e+02
1.018529000000000018e+01 1.003085259164870680e+00 0.000000000000000000e+00 1.059203797267640397e+02
1.021533999999999942e+01 1.001861809367038392e+00 0.000000000000000000e+00 1.064163494354390878e+02
1.024538000000000082e+01 1.000601235460315541e+00 0.000000000000000000e+00 1.069084565470811157e+02
1.027543000000000006e+01 9.994949858940080922e-01 0.000000000000000000e+00 1.074176167873948060e+02
1.030546999999999969e+01 9.986911911627438521e-01 0.000000000000000000e+00 1.079597099004620731e+02
1.033552000000000071e+01 9.982624983798071838e-01 0.000000000000000000e+00 1.085436202888044477e+02
1.036556000000000033e+01 9.981924687543722863e-01 0.000000000000000000e+00 1.091678384968969624e+02
1.039560999999999957e+01 9.983791434296386269e-01 0.000000000000000000e+00 1.098222505119579466e+02
1.042564999999999920e+01 9.986564291082160594e-01 0.000000000000000000e+00 1.104885482774757435e+02
1.045570000000000022e+01 9.988295160368573233e-01 0.000000000000000000e+00 1.111456520343054137e+02
1.048573999999999984e+01 9.987140668702069179e-01 0.000000000000000000e+00 1.117723082271484571e+02
1.051579000000000086e+01 9.981751290299999413e-01 0.000000000000000000e+00 1.123531975432267984e+02
1.054583000000000048e+01 9.971579082847786824e-01 0.000000000000000000e+00 1.128808713504351005e+02
1.057587999999999973e+01 9.957005777045326855e-01 0.000000000000000000e+00 1.133591735053020528e+02
1.060591999999999935e+01 9.939320152474820924e-01 0.000000000000000000e+00 1.138015707640156080e+02
1.063597000000000037e+01 9.920514303895736630e-01 0.000000000000000000e+00 1.142308156689012435e+02
1.066600999999999999e+01 9.902947272362960796e-01 0.000000000000000000e+00 1.146735672331200391e+02
1.069605999999999923e+01 9.888939947328629909e-01 0.000000000000000000e+00 1.151575146704543329e+02
1.072610000000000063e+01 9.880363698046370491e-01 0.000000000000000000e+00 1.157048323583784253e+02
1.075614999999999988e+01 9.878327728562995569e-01 0.000000000000000000e+00 1.163300764354013523e+02
1.078618999999999950e+01 9.882967527568158328e-01 0.000000000000000000e+00 1.170357071722206683e+02
1.081624000000000052e+01 9.893424745215724236e-01 0.000000000000000000e+00 1.178132584986622931e+02
1.084628000000000014e+01 9.908001402608915820e-01 0.000000000000000000e+00 1.186431218314768614e+02
1.087632999999999939e+01 9.924429728327625044e-01 0.000000000000000000e+00 1.194992545384171194e+02
1.090637000000000079e+01 9.940263026906327459e-01 0.000000000000000000e+00 1.203519727487469737e+02
1.093642000000000003e+01 9.953265922151174339e-01 0.000000000000000000e+00 1.211743924945658790e+02
1.096645999999999965e+01 9.961769305455296930e-01 0.000000000000000000e+00 1.219450793942709623e+02
1.099651000000000067e+01 9.964911367951666543e-01 0.000000000000000000e+00 1.226529703381185641e+02
1.102655000000000030e+01 9.962743884861361421e-01 0.000000000000000000e+00 1.232971820895788966e+02
1.105659999999999954e+01 9.956165885095560331e-01 0.000000000000000000e+00 1.238882742468451141e+02
1.108663999999999916e+01 9.946733777419979328e-01 0.000000000000000000e+00 1.244443742604406964e+02
1.111669000000000018e+01 9.936365552648616095e-01 0.000000000000000000e+00 1.249894720542256152e+02
1.114672999999999981e+01 9.926991821700412721e-01 0.000000000000000000e+00 1.255473384342564742e+02
1.117678000000000083e+01 9.920247535561597108e-01 0.000000000000000000e+00 1.261394104810800343e+02
1.120682000000000045e+01 9.917210721009944718e-01 0.000000000000000000e+00 1.267795532727461278e+02
1.123686999999999969e+01 9.918280188367025740e-01 0.000000000000000000e+00 1.274741042047683237e+02
1.126690999999999931e+01 9.923166584849770766e-01 0.000000000000000000e+00 1.282197174149496846e+02
1.129696000000000033e+01 9.931008211472136527e-01 0.000000000000000000e+00 1.290064444886105832e+02
1.132699999999999996e+01 9.940581023565475682e-01 0.000000000000000000e+00 1.298184601534271962e+02
1.135704999999999920e+01 9.950561713134812303e-01 0.000000000000000000e+00 1.306392131711866682e+02
1.138709000000000060e+01 9.959777910032032722e-01 0.000000000000000000e+00 1.314528612694085723e+02
1.141713999999999984e+01 9.967423422339143357e-01 0.000000000000000000e+00 1.322490142790167624e+02
1.144717999999999947e+01 9.973161251378717118e-01 0.000000000000000000e+00 1.330223903649838633e+02
1.147723000000000049e+01 9.977151093593915610e-01 0.000000000000000000e+00 1.337751978041007419e+02
1.150727000000000011e+01 9.979961536986757809e-01 0.000000000000000000e+00 1.345142693264631077e+02
1.153731999999999935e+01 9.982403123408711831e-01 0.000000000000000000e+00 1.352508066359985719e+02
1.156736000000000075e+01 9.985337355925284486e-01 0.000000000000000000e+00 1.359959981502362609e+02
1.159741000000000000e+01 9.989470318502509105e-01 0.000000000000000000e+00 1.367600861067603830e+02
1.162744999999999962e+01 9.995190659480398532e-01 0.000000000000000000e+00 1.375482049104732596e+02
1.165750000000000064e+01 1.000249201709662250e+00 0.000000000000000000e+00 1.383610804097761218e+02
1.168754000000000026e+01 1.001096964362062636e+00 0.000000000000000000e+00 1.391929527654242804e+02
1.171758999999999951e+01 1.001990768236479257e+00 0.000000000000000000e+00 1.400345496184057197e+02
1.174762999999999913e+01 1.002841365516347061e+00 0.000000000000000000e+00 1.408729605678091161e+02
1.177768000000000015e+01 1.003562164106119425e+00 0.000000000000000000e+00 1.416963498972892523e+02
1.180771999999999977e+01 1.004083853651939862e+00 0.000000000000000000e+00 1.424941248441478763e+02
1.183777000000000079e+01 1.004369933584996710e+00 0.000000000000000000e+00 1.432611330289966816e+02
1.186781000000000041e+01 1.004421703673718191e+00 0.000000000000000000e+00 1.439965678691406197e+02
1.189785999999999966e+01 1.004278006819199209e+00 0.000000000000000000e+00 1.447060015874180294e+02
1.192789999999999928e+01 1.004006054340541132e+00 0.000000000000000000e+00 1.453982547183672125e+02
1.195795000000000030e+01 1.003687484993476042e+00 0.000000000000000000e+00 1.460854148475132774e+02
1.198798999999999992e+01 1.003400346028811452e+00 0.000000000000000000e+00 1.467783067615677624e+02
1.201803999999999917e+01 1.003205379021344656e+00 0.000000000000000000e+00 1.474864170730424746e+02
1.204808000000000057e+01 1.003131173905085438e+00 0.000000000000000000e+00 1.482136815766822338e+02
1.207812999999999981e+01 1.003170967681732861e+00 0.000000000000000000e+00 1.489598537654155734e+02
1.210816999999999943e+01 1.003283023209287750e+00 0.000000000000000000e+00 1.497184651095305128e+02
1.213822000000000045e+01 1.003401967559238939e+00 0.000000000000000000e+00 1.504803665573826095e+02
1.216826000000000008e+01 1.003451296551843397e+00 0.000000000000000000e+00 1.512335486373927722e+02
1.219830999999999932e+01 1.003362255579634654e+00 0.000000000000000000e+00 1.519679394007134761e+02
1.222835000000000072e+01 1.003089031275552045e+00 0.000000000000000000e+00 1.526757582584589841e+02
1.225839999999999996e+01 1.002621351848351994e+00 0.000000000000000000e+00 1.533555186690983305e+02
1.228843999999999959e+01 1.001989669357787660e+00 0.000000000000000000e+00 1.540109619476790215e+02
1.231849000000000061e+01 1.001263050044616909e+00 0.000000000000000000e+00 1.546528839267371040e+02
1.234853000000000023e+01 1.000539092454574730e+00 0.000000000000000000e+00 1.552957130027230619e+02
1.237857999999999947e+01 9.999288087313304985e-01 0.000000000000000000e+00 1.559572682030097326e+02
1.240862000000000087e+01 9.995373873348984972e-01 0.000000000000000000e+00 1.566537863287809955e+02
1.243867000000000012e+01 9.994446736654504226e-01 0.000000000000000000e+00 1.573988419991162857e+02
1.246870999999999974e+01 9.996920010305370141e-01 0.000000000000000000e+00 1.581991509500027746e+02
1.249876000000000076e+01 1.000271572781196383e+00 0.000000000000000000e+00 1.590547587122567847e+02
1.252880000000000038e+01 1.001126030309031911e+00 0.000000000000000000e+00 1.599567566572985413e+02
1.255884999999999962e+01 1.002155616105960823e+00 0.000000000000000000e+00 1.608902750855811519e+02
1.258888999999999925e+01 1.003231873627796089e+00 0.000000000000000000e+00 1.618344894527281497e+02
1.261894000000000027e+01 1.004215884679954707e+00 0.000000000000000000e+00 1.627675102633995152e+02
1.264897999999999989e+01 1.004978371645679935e+00 0.000000000000000000e+00 1.636675607940317434e+02
1.267902999999999913e+01 1.005418156718487221e+00 0.000000000000000000e+00 1.645180925546416972e+02
1.270907000000000053e+01 1.005476236038619131e+00 0.000000000000000000e+00 1.653081391416792201e+02
1.273911999999999978e+01 1.005141574625857848e+00 0.000000000000000000e+00 1.660355085606778403e+02
1.276917000000000080e+01 1.004452187192681922e+00 0.000000000000000000e+00 1.667053315053875622e+02
1.279921000000000042e+01 1.003487255822507418e+00 0.000000000000000000e+00 1.673297158973379055e+02
1.282925999999999966e+01 1.002354234693537238e+00 0.000000000000000000e+00 1.679265346101362297e+02
1.285929999999999929e+01 1.001172572161865393e+00 0.000000000000000000e+00 1.685149681933118018e+02
1.288935000000000031e+01 1.000057623004089624e+00 0.000000000000000000e+00 1.691149264534688541e+02
1.291938999999999993e+01 9.991052700963056754e-01 0.000000000000000000e+00 1.697423262924197047e+02
1.294943999999999917e+01 9.983821316867114160e-01 0.000000000000000000e+00 1.704094434417353341e+02
1.297948000000000057e+01 9.979205997045305088e-01 0.000000000000000000e+00 1.711218464488015059e+02
1.300952999999999982e+01 9.977184867978536875e-01 0.000000000000000000e+00 1.718803051841958052e+02
1.303956999999999944e+01 9.977452908950596999e-01 0.000000000000000000e+00 1.726796301496971751e+02
1.306962000000000046e+01 9.979502757378335698e-01 0.000000000000000000e+00 1.735120762711701445e+02
1.309966000000000008e+01 9.982734892841726992e-01 0.000000000000000000e+00 1.743670693567668195e+02
1.312970999999999933e+01 9.986550105358185103e-01 0.000000000000000000e+00 1.752349124068084052e+02
1.315975000000000072e+01 9.990438218899703182e-01 0.000000000000000000e+00 1.761062215696903479e+02
1.318979999999999997e+01 9.994024839651238779e-01 0.000000000000000000e+00 1.769749213531406156e+02
1.321983999999999959e+01 9.997083119888547920e-01 0.000000000000000000e+00 1.778363695037077150e+02
1.324989000000000061e+01 9.999532133226975983e-01 0.000000000000000000e+00 1.786895309427867176e+02
1.327993000000000023e+01 1.000139672633332033e+00 0.000000000000000000e+00 1.795341663215191090e+02
1.330997999999999948e+01 1.000275466854092521e+00 0.000000000000000000e+00 1.803720768733266766e+02
1.334002000000000088e+01 1.000370291638496001e+00 0.000000000000000000e+00 1.812043545821643704e+02
1.337007000000000012e+01 1.000431917715886465e+00 0.000000000000000000e+00 1.820328564139705918e+02
1.340010999999999974e+01 1.000464381395921976e+00 0.000000000000000000e+00 1.828576951162235105e+02
1.343016000000000076e+01 1.000468682410000421e+00 0.000000000000000000e+00 1.836795280021284213e+02
1.346020000000000039e+01 1.000443769227466806e+00 0.000000000000000000e+00 1.844975454033166216e+02
1.349024999999999963e+01 1.000389545074093833e+00 0.000000000000000000e+00 1.853122048487101949e+02
1.352028999999999925e+01 1.000309621167777108e+00 0.000000000000000000e+00 1.861235566207936074e+02
1.355034000000000027e+01 1.000211780749800772e+00 0.000000000000000000e+00 1.869335412890058308e+02
1.358037999999999990e+01 1.000109526464750154e+00 0.000000000000000000e+00 1.877440973481644733e+02
1.361042999999999914e+01 1.000019344970191737e+00 0.000000000000000000e+00 1.885588742954653867e+02
1.364047000000000054e+01 9.999588744337619683e-01 0.000000000000000000e+00 1.893806886421693889e+02
1.367051999999999978e+01 9.999424357834101329e-01 0.000000000000000000e+00 1.902128932780188961e+02
1.370055999999999941e+01 9.999779139772784209e-01 0.000000000000000000e+00 1.910565489857080763e+02
1.373061000000000043e+01 1.000062964818743128e+00 0.000000000000000000e+00 1.919118936756062794e+02
1.376065000000000005e+01 1.000184127014094981e+00 0.000000000000000000e+00 1.927758995921407177e+02
1.379069999999999929e+01 1.000317227991268432e+00 0.000000000000000000e+00 1.936445388101275284e+02
1.382074000000000069e+01 1.000430131227116437e+00 0.000000000000000000e+00 1.945110330010872985e+02
1.385078999999999994e+01 1.000486367695968104e+00 0.000000000000000000e+00 1.953687724842328350e+02
1.388082999999999956e+01 1.000452404012345697e+00 0.000000000000000000e+00 1.962104735062177667e+02
1.391088000000000058e+01 1.000301280736235698e+00 0.000000000000000000e+00 1.970311609354119184e+02
1.394092000000000020e+01 1.000019238726873594e+00 0.000000000000000000e+00 1.978272473594821292e+02
1.397096999999999944e+01 9.996084585150247781e-01 0.000000000000000000e+00 1.985993969744549474e+02
1.400101000000000084e+01 9.990887843924630696e-01 0.000000000000000000e+00 1.993506693298804464e+02
1.403106000000000009e+01 9.984950860290352503e-01 0.000000000000000000e+00 2.000883386868719356e+02
1.406109999999999971e+01 9.978756267313837469e-01 0.000000000000000000e+00 2.008213543676126562e+02
1.409115000000000073e+01 9.972848859084577633e-01 0.000000000000000000e+00 2.015612282389928112e+02
1.412119000000000035e+01 9.967778473456050392e-01 0.000000000000000000e+00 2.023186196967788248e+02
1.415123999999999960e+01 9.964034120755413948e-01 0.000000000000000000e+00 2.031042830979475866e+02
1.418127999999999922e+01 9.961980728772592553e-01 0.000000000000000000e+00 2.039254569313187915e+02
1.421133000000000024e+01 9.961819163766310048e-01 0.000000000000000000e+00 2.047872835353862797e+02
1.424136999999999986e+01 9.963562923712114827e-01 0.000000000000000000e+00 2.056899584529227809e+02
1.427142000000000088e+01 9.967035500144723059e-01 0.000000000000000000e+00 2.066308978370188925e+02
1.430146000000000051e+01 9.971896213562653211e-01 0.000000000000000000e+00 2.076028848520806207e+02
1.433150999999999975e+01 9.977680512208615404e-01 0.000000000000000000e+00 2.085971538948553814e+02
1.436154999999999937e+01 9.983847617997636537e-01 0.000000000000000000e+00 2.096020161806823694e+02
1.439160000000000039e+01 9.989849042583754946e-01 0.000000000000000000e+00 2.106065956207058321e+02
1.442164000000000001e+01 9.995176247005341796e-01 0.000000000000000000e+00 2.115995013935381053e+02
1.445168999999999926e+01 9.999424882155242278e-01 0.000000000000000000e+00 2.125725484766801685e+02
1.448173000000000066e+01 1.000232080015676095e+00 0.000000000000000000e+00 2.135190136617577252e+02
1.451177999999999990e+01 1.000375934431995129e+00 0.000000000000000000e+00 2.144368851244284144e+02
1.454181999999999952e+01 1.000380022122526746e+00 0.000000000000000000e+00 2.153264707479312108e+02
1.457187000000000054e+01 1.000266039982073973e+00 0.000000000000000000e+00 2.161926791227306239e+02
1.460191000000000017e+01 1.000069367192089942e+00 0.000000000000000000e+00 2.170422796365986358e+02
1.463195999999999941e+01 9.998340217893547655e-01 0.000000000000000000e+00 2.178852363421666496e+02
1.466200000000000081e+01 9.996080165165820430e-01 0.000000000000000000e+00 2.187313551342999745e+02
1.469205000000000005e+01 9.994372332290308858e-01 0.000000000000000000e+00 2.195913369880166499e+02
1.472208999999999968e+01 9.993607719529802313e-01 0.000000000000000000e+00 2.204733584110551874e+02
1.475214000000000070e+01 9.994044293016860481e-01 0.000000000000000000e+00 2.213839863362805715e+02
1.478218000000000032e+01 9.995785710326385853e-01 0.000000000000000000e+00 2.223252516946044182e+02
1.481222999999999956e+01 9.998743783062316037e-01 0.000000000000000000e+00 2.232961405141183775e+02
1.484226999999999919e+01 1.000265892826766256e+00 0.000000000000000000e+00 2.242905617933474502e+02
1.487232000000000021e+01 1.000710719617700972e+00 0.000000000000000000e+00 2.252998370320101458e+02
1.490235999999999983e+01 1.001156522083494149e+00 0.000000000000000000e+00 2.263116781029644358e+02
1.493241000000000085e+01 1.001545856387270783e+00 0.000000000000000000e+00 2.273136592198357846e+02
1.496245000000000047e+01 1.001824632153676786e+00 0.000000000000000000e+00 2.282926938412153390e+02
1.499249999999999972e+01 1.001949214499106233e+00 0.000000000000000000e+00 2.292391065027753143e+02
1.502253999999999934e+01 1.001893260247153528e+00 0.000000000000000000e+00 2.301458118778001278e+02
1.505259000000000036e+01 1.001651973926163341e+00 0.000000000000000000e+00 2.310118186965187874e+02
1.508262999999999998e+01 1.001244182660188553e+00 0.000000000000000000e+00 2.318403603970188840e+02
1.511267999999999923e+01 1.000710922291520921e+00 0.000000000000000000e+00 2.326411285627161192e+02
1.514272000000000062e+01 1.000110293557864516e+00 0.000000000000000000e+00 2.334267181519315670e+02
1.517276999999999987e+01 9.995104247203679959e-01 0.000000000000000000e+00 2.342135193934274753e+02
1.520280999999999949e+01 9.989803920783845159e-01 0.000000000000000000e+00 2.350171647482480637e+02
1.523286000000000051e+01 9.985802793474100048e-01 0.000000000000000000e+00 2.358526548833326899e+02
1.526290000000000013e+01 9.983534096115603829e-01 0.000000000000000000e+00 2.367300043059785537e+02
1.529294999999999938e+01 9.983189997311818775e-01 0.000000000000000000e+00 2.376548910409317727e+02
1.532299000000000078e+01 9.984711068369842568e-01 0.000000000000000000e+00 2.386258131077429425e+02
1.535304000000000002e+01 9.987786267354769043e-01 0.000000000000000000e+00 2.396364547321248608e+02
1.538307999999999964e+01 9.991908324958033161e-01 0.000000000000000000e+00 2.406744127900412025e+02
1.541313000000000066e+01 9.996458587525506312e-01 0.000000000000000000e+00 2.417256501093017960e+02
1.544317000000000029e+01 1.000080665516404066e+00 0.000000000000000000e+00 2.427743603495134153e+02
1.547321999999999953e+01 1.000441147910414719e+00 0.000000000000000000e+00 2.438079313550726681e+02
1.550325999999999915e+01 1.000691110641182213e+00 0.000000000000000000e+00 2.448166696697795146e+02
1.553331000000000017e+01 1.000817659432142959e+00 0.000000000000000000e+00 2.457977267270774178e+02
1.556334999999999980e+01 1.000833756231890304e+00 0.000000000000000000e+00 2.467533152592395140e+02
1.559340000000000082e+01 1.000774060326103054e+00 0.000000000000000000e+00 2.476923319906360916e+02
1.562344000000000044e+01 1.000689190063565492e+00 0.000000000000000000e+00 2.486265015610135265e+02
1.565348999999999968e+01 1.000635586621199780e+00 0.000000000000000000e+00 2.495704644642586914e+02
1.568352999999999930e+01 1.000664625013284459e+00 0.000000000000000000e+00 2.505365357480412740e+02
1.571358000000000033e+01 1.000812030339943037e+00 0.000000000000000000e+00 2.515345703508152440e+02
1.574361999999999995e+01 1.001090230385763613e+00 0.000000000000000000e+00 2.525674058258431103e+02
1.577366999999999919e+01 1.001484026756453760e+00 0.000000000000000000e+00 2.536322131215655986e+02
1.580371000000000059e+01 1.001952043737576847e+00 0.000000000000000000e+00 2.547181675945688255e+02
1.583375999999999983e+01 1.002431747542794405e+00 0.000000000000000000e+00 2.558101728310499823e+02
1.586379999999999946e+01 1.002849192589428728e+00 0.000000000000000000e+00 2.568886781094483922e+02
1.589385000000000048e+01 1.003131171823802736e+00 0.000000000000000000e+00 2.579353279073382055e+02
1.592389000000000010e+01 1.003217747028791740e+00 0.000000000000000000e+00 2.589336104217418892e+02
1.595393999999999934e+01 1.003072393099042836e+00 0.000000000000000000e+00 2.598741426127203908e+02
1.598398000000000074e+01 1.002689906590529922e+00 0.000000000000000000e+00 2.607542412254093733e+02
1.601403000000000176e+01 1.002098121264600739e+00 0.000000000000000000e+00 2.615811268628164612e+02
1.604408000000000101e+01 1.001355468546916372e+00 0.000000000000000000e+00 2.623691657930046972e+02
1.607412000000000063e+01 1.000542249854367238e+00 0.000000000000000000e+00 2.631387016919264283e+02
1.610416999999999987e+01 9.997492076716504306e-01 0.000000000000000000e+00 2.639141308243432604e+02
1.613420999999999950e+01 9.990642178353025260e-01 0.000000000000000000e+00 2.647181373324303308e+02
1.616425999999999874e+01 9.985582754850566012e-01 0.000000000000000000e+00 2.655705743947958126e+02
1.619429999999999836e+01 9.982759425688307875e-01 0.000000000000000000e+00 2.664832085423880699e+02
1.622435000000000116e+01 9.982283315712042748e-01 0.000000000000000000e+00 2.674603372229523757e+02
1.625439000000000078e+01 9.983924403581579954e-01 0.000000000000000000e+00 2.684958135355898889e+02
1.628444000000000003e+01 9.987156376955118597e-01 0.000000000000000000e+00 2.695767229710427273e+02
1.631447999999999965e+01 9.991254428019273881e-01 0.000000000000000000e+00 2.706832442556654996e+02
1.634452999999999889e+01 9.995417361830213343e-01 0.000000000000000000e+00 2.717945155863869218e+02
1.637456999999999852e+01 9.998897240722932622e-01 0.000000000000000000e+00 2.728894816012850129e+02
1.640462000000000131e+01 1.000113068318166709e+00 0.000000000000000000e+00 2.739531727845252931e+02
1.643466000000000093e+01 1.000182324164721193e+00 0.000000000000000000e+00 2.749764530961385276e+02
1.646471000000000018e+01 1.000099528412653038e+00 0.000000000000000000e+00 2.759600892870573148e+02
1.649474999999999980e+01 9.998963049200940700e-01 0.000000000000000000e+00 2.769117100555358775e+02
1.652479999999999905e+01 9.996279472970708291e-01 0.000000000000000000e+00 2.778469899511433141e+02
1.655483999999999867e+01 9.993629372996272187e-01 0.000000000000000000e+00 2.787841619499871513e+02
1.658489000000000146e+01 9.991703868356023310e-01 0.000000000000000000e+00 2.797432574738133439e+02
1.661493000000000109e+01 9.991068439778898469e-01 0.000000000000000000e+00 2.807397110917924579e+02
1.664498000000000033e+01 9.992061986502603910e-01 0.000000000000000000e+00 2.817841479409171939e+02
1.667501999999999995e+01 9.994725772885005854e-01 0.000000000000000000e+00 2.828775569924114848e+02
1.670506999999999920e+01 9.998790850703301869e-01 0.000000000000000000e+00 2.840134887816449236e+02
1.673510999999999882e+01 1.000371016841623772e+00 0.000000000000000000e+00 2.851761005386144916e+02
1.676516000000000162e+01 1.000874135794553643e+00 0.000000000000000000e+00 2.863450991358666897e+02
1.679520000000000124e+01 1.001306781886488695e+00 0.000000000000000000e+00 2.874963929933314830e+02
1.682525000000000048e+01 1.001592430838351699e+00 0.000000000000000000e+00 2.886084010106822575e+02
1.685529000000000011e+01 1.001671893471216990e+00 0.000000000000000000e+00 2.896628696555623037e+02
1.688533999999999935e+01 1.001513104299697199e+00 0.000000000000000000e+00 2.906505432032116687e+02
1.691537999999999897e+01 1.001116811964605002e+00 0.000000000000000000e+00 2.915702133610470810e+02
1.694543000000000177e+01 1.000516977080870618e+00 0.000000000000000000e+00 2.924317564189252039e+02
1.697547000000000139e+01 9.997757383482612781e-01 0.000000000000000000e+00 2.932520732845558200e+02
1.700552000000000064e+01 9.989756498616213509e-01 0.000000000000000000e+00 2.940557108228924790e+02
1.703556000000000026e+01 9.982073332045933167e-01 0.000000000000000000e+00 2.948685592699383733e+02
1.706560999999999950e+01 9.975581835733789982e-01 0.000000000000000000e+00 2.957173131726037241e+02
1.709564999999999912e+01 9.970996914770338115e-01 0.000000000000000000e+00 2.966229164243748642e+02
1.712569999999999837e+01 9.968791015737057393e-01 0.000000000000000000e+00 2.976007617275687949e+02
1.715574000000000154e+01 9.969142300281735869e-01 0.000000000000000000e+00 2.986562375759653492e+02
1.718579000000000079e+01 9.971922488931580508e-01 0.000000000000000000e+00 2.997869877312879225e+02
1.721583000000000041e+01 9.976727929569132458e-01 0.000000000000000000e+00 3.009809044142295988e+02
1.724587999999999965e+01 9.982954475241724301e-01 0.000000000000000000e+00 3.022210382897808927e+02
1.727591999999999928e+01 9.989880433116093972e-01 0.000000000000000000e+00 3.034852174426077909e+02
1.730596999999999852e+01 9.996767020885726218e-01 0.000000000000000000e+00 3.047518472401577583e+02
1.733601000000000170e+01 1.000295025891954737e+00 0.000000000000000000e+00 3.059999036785700355e+02
1.736606000000000094e+01 1.000791729309635114e+00 0.000000000000000000e+00 3.072141286871286638e+02
1.739610000000000056e+01 1.001134970187839590e+00 0.000000000000000000e+00 3.083836225136660687e+02
1.742614999999999981e+01 1.001314096658455721e+00 0.000000000000000000e+00 3.095053134558533543e+02
1.745618999999999943e+01 1.001338455792533111e+00 0.000000000000000000e+00 3.105808675939560430e+02
1.748623999999999867e+01 1.001233676985698207e+00 0.000000000000000000e+00 3.116184775414519663e+02
1.751627999999999830e+01 1.001036041514759889e+00 0.000000000000000000e+00 3.126283473088998903e+02
1.754633000000000109e+01 1.000787178556529211e+00 0.000000000000000000e+00 3.136239366049845785e+02
1.757637000000000072e+01 1.000527652408763846e+00 0.000000000000000000e+00 3.146171203288577658e+02
1.760641999999999996e+01 1.000292615105976113e+00 0.000000000000000000e+00 3.156196695959309295e+02
1.763645999999999958e+01 1.000108568925209829e+00 0.000000000000000000e+00 3.166393363778694834e+02
1.766650999999999883e+01 9.999912135904934773e-01 0.000000000000000000e+00 3.176819897087613072e+02
1.769654999999999845e+01 9.999458721065793698e-01 0.000000000000000000e+00 3.187488230123050243e+02
1.772660000000000124e+01 9.999680771133717672e-01 0.000000000000000000e+00 3.198393606935856610e+02
1.775664000000000087e+01 1.000045811516031558e+00 0.000000000000000000e+00 3.209492445876546753e+02
1.778669000000000011e+01 1.000161726449985800e+00 0.000000000000000000e+00 3.220737915513038274e+02
1.781672999999999973e+01 1.000295833154710046e+00 0.000000000000000000e+00 3.232059444973180007e+02
1.784677999999999898e+01 1.000427726606193835e+00 0.000000000000000000e+00 3.243398732213358358e+02
1.787681999999999860e+01 1.000538458559369070e+00 0.000000000000000000e+00 3.254686811843154146e+02
1.790687000000000140e+01 1.000612718286006286e+00 0.000000000000000000e+00 3.265880299926020598e+02
1.793691000000000102e+01 1.000638913744928082e+00 0.000000000000000000e+00 3.276932752281467742e+02
1.796696000000000026e+01 1.000611379909962517e+00 0.000000000000000000e+00 3.287831276858619276e+02
1.799699999999999989e+01 1.000530059021298657e+00 0.000000000000000000e+00 3.298566598239918903e+02
1.802704999999999913e+01 1.000400614695819534e+00 0.000000000000000000e+00 3.309162996982657319e+02
1.805708999999999875e+01 1.000234658782247932e+00 0.000000000000000000e+00 3.319650076741109501e+02
1.808714000000000155e+01 1.000047961849338307e+00 0.000000000000000000e+00 3.330086482559035517e+02
1.811718000000000117e+01 9.998597150936365807e-01 0.000000000000000000e+00 3.340528275011840265e+02
1.814723000000000042e+01 9.996903900779176011e-01 0.000000000000000000e+00 3.351051384704352358e+02
1.817727000000000004e+01 9.995590255856960926e-01 0.000000000000000000e+00 3.361713082107709170e+02
1.820731999999999928e+01 9.994811359913594595e-01 0.000000000000000000e+00 3.372574367671607547e+02
1.823735999999999891e+01 9.994658297901726218e-01 0.000000000000000000e+00 3.383660455157516935e+02
1.826741000000000170e+01 9.995146272935850895e-01 0.000000000000000000e+00 3.394986015684604013e+02
1.829745000000000132e+01 9.996200173706113468e-01 0.000000000000000000e+00 3.406520174546266162e+02
1.832750000000000057e+01 9.997663912450276413e-01 0.000000000000000000e+00 3.418218909960937140e+02
1.835754000000000019e+01 9.999310167659014592e-01 0.000000000000000000e+00 3.429998176799352336e+02
1.838758999999999943e+01 1.000086929635496613e+00 0.000000000000000000e+00 3.441773268573610380e+02
1.841762999999999906e+01 1.000207181319340499e+00 0.000000000000000000e+00 3.453443373745877238e+02
1.844767999999999830e+01 1.000267980993547745e+00 0.000000000000000000e+00 3.464932376914821930e+02
1.847772000000000148e+01 1.000253083416174915e+00 0.000000000000000000e+00 3.476174307074942931e+02
1.850777000000000072e+01 1.000156487085645862e+00 0.000000000000000000e+00 3.487153192989273975e+02
1.853781999999999996e+01 9.999841540732310463e-01 0.000000000000000000e+00 3.497883355066416016e+02
1.856785999999999959e+01 9.997537008293313487e-01 0.000000000000000000e+00 3.508420251418664293e+02
1.859789999999999921e+01 9.994927723608086900e-01 0.000000000000000000e+00 3.518862987756089638e+02
1.862794999999999845e+01 9.992351119066560372e-01 0.000000000000000000e+00 3.529333482184694049e+02
1.865799000000000163e+01 9.990164031414110468e-01 0.000000000000000000e+00 3.539950701486972662e+02
1.868804000000000087e+01 9.988690002045280680e-01 0.000000000000000000e+00 3.550838564418663168e+02
1.871808000000000050e+01 9.988168596565534241e-01 0.000000000000000000e+00 3.562077347429794258e+02
1.874812999999999974e+01 9.988723631846283535e-01 0.000000000000000000e+00 3.573722221920171478e+02
1.877817999999999898e+01 9.990340516853670749e-01 0.000000000000000000e+00 3.585767854524759741e+02
1.880821999999999861e+01 9.992865289988284161e-01 0.000000000000000000e+00 3.598158647015217753e+02
1.883825999999999823e+01 9.996025035311816298e-01 0.000000000000000000e+00 3.610802972153653627e+02
1.886831000000000103e+01 9.999468384229087681e-01 0.000000000000000000e+00 3.623579553209604569e+02
1.889835000000000065e+01 1.000280877012198921e+00 0.000000000000000000e+00 3.636341186484392551e+02
1.892839999999999989e+01 1.000568595730072730e+00 0.000000000000000000e+00 3.648963848843930009e+02
1.895843999999999951e+01 1.000780884768013967e+00 0.000000000000000000e+00 3.661331747360070494e+02
1.898848999999999876e+01 1.000900096453157362e+00 0.000000000000000000e+00 3.673385221297994576e+02
1.901854000000000156e+01 1.000921506596226251e+00 0.000000000000000000e+00 3.685099787591329914e+02
1.904858000000000118e+01 1.000854140014553639e+00 0.000000000000000000e+00 3.696501487194798869e+02
1.907862000000000080e+01 1.000718343831391799e+00 0.000000000000000000e+00 3.707666471630244018e+02
1.910867000000000004e+01 1.000543026244862910e+00 0.000000000000000000e+00 3.718703674854241399e+02
1.913870999999999967e+01 1.000360251517725452e+00 0.000000000000000000e+00 3.729723471509238948e+02
1.916875999999999891e+01 1.000201010473473318e+00 0.000000000000000000e+00 3.740849288263422636e+02
1.919879999999999853e+01 1.000090113610105025e+00 0.000000000000000000e+00 3.752167227510172438e+02
1.922885000000000133e+01 1.000043325906459835e+00 0.000000000000000000e+00 3.763746129611143942e+02
1.925890000000000057e+01 1.000065091505035531e+00 0.000000000000000000e+00 3.775601127739925005e+02
1.928894000000000020e+01 1.000148316041419294e+00 0.000000000000000000e+00 3.787703849462404264e+02
1.931897999999999982e+01 1.000276236260049911e+00 0.000000000000000000e+00 3.799996704535860204e+02
1.934902999999999906e+01 1.000425084372132511e+00 0.000000000000000000e+00 3.812394649987203366e+02
1.937906999999999869e+01 1.000568249490242367e+00 0.000000000000000000e+00 3.824788838597911536e+02
1.940912000000000148e+01 1.000680043889651039e+00 0.000000000000000000e+00 3.837088465233142074e+02
1.943917000000000073e+01 1.000739639550654037e+00 0.000000000000000000e+00 3.849208366701982413e+02
1.946921000000000035e+01 1.000734259591353759e+00 0.000000000000000000e+00 3.861093422573318890e+02
1.949925999999999959e+01 1.000660273720428206e+00 0.000000000000000000e+00 3.872735189726745944e+02
1.952929999999999922e+01 1.000523532919089353e+00 0.000000000000000000e+00 3.884145987041835610e+02
1.955934999999999846e+01 1.000338741386326280e+00 0.000000000000000000e+00 3.895388768898549188e+02
1.958939000000000163e+01 1.000126833224540990e+00 0.000000000000000000e+00 3.906535610528092661e+02
1.961943000000000126e+01 9.999118684518477629e-01 0.000000000000000000e+00 3.917683772066410484e+02
1.964948000000000050e+01 9.997181103522960743e-01 0.000000000000000000e+00 3.928932486336287297e+02
1.967952999999999975e+01 9.995668283828618161e-01 0.000000000000000000e+00 3.940362364076673316e+02
1.970956999999999937e+01 9.994738284657198601e-01 0.000000000000000000e+00 3.952033418072720110e+02
1.973961999999999861e+01 9.994478035176992403e-01 0.000000000000000000e+00 3.963990241985193279e+02
1.976965999999999823e+01 9.994895409269795028e-01 0.000000000000000000e+00 3.976230364169492759e+02
1.979971000000000103e+01 9.995921830538370134e-01 0.000000000000000000e+00 3.988736917688253811e+02
1.982975000000000065e+01 9.997424226352956689e-01 0.000000000000000000e+00 4.001450805404506355e+02
1.985979000000000028e+01 9.999219878659167948e-01 0.000000000000000000e+00 4.014304434131535686e+02
1.988983999999999952e+01 1.000110395495987792e+00 0.000000000000000000e+00 4.027220449592857108e+02
1.991988999999999876e+01 1.000286545975759056e+00 0.000000000000000000e+00 4.040109928818690719e+02
1.994992999999999839e+01 1.000431535523972570e+00 0.000000000000000000e+00 4.052891788696147728e+02
1.997998000000000118e+01 1.000530261318216319e+00 0.000000000000000000e+00 4.065511648580468318e+02
