# r(Angstrom)	g_data	baseline	peak_only_data	y_fit_peak	total_fit	residual
2.100000000000000089e+00 6.052493543509178675e-01 6.052493543509178675e-01 0.000000000000000000e+00 4.118200985399134151e-02 6.464313642049092090e-01 -4.118200985399134151e-02
2.120000000000000107e+00 6.373487376921110892e-01 6.094154264802731369e-01 2.793331121183795229e-02 5.894118328498732656e-02 6.683566097652604565e-01 -3.100787207314937427e-02
2.140000000000000124e+00 6.751701304479693633e-01 6.135814986096282952e-01 6.158863183834106803e-02 8.259259868793777937e-02 6.961740972975660746e-01 -2.100396684959671134e-02
2.160000000000000142e+00 7.198932853176082114e-01 6.177475707389835646e-01 1.021457145786246468e-01 1.132867807924282100e-01 7.310343515314117191e-01 -1.114106621380356321e-02
2.180000000000000160e+00 7.723078995278009895e-01 6.219136428683388340e-01 1.503942566594621555e-01 1.520699365967865258e-01 7.739835794651253043e-01 -1.675679937324370261e-03
2.200000000000000178e+00 8.326926663361904346e-01 6.260797149976939924e-01 2.066129513384964422e-01 1.997327360410287855e-01 8.258124510387228057e-01 6.880215297467656699e-03
2.220000000000000195e+00 9.007326727690858625e-01 6.302457871270492618e-01 2.704868856420366008e-01 2.566364516563464648e-01 8.868822387833956711e-01 1.385043398569013595e-02
2.240000000000000213e+00 9.754767885533811578e-01 6.344118592564045311e-01 3.410649292969766266e-01 3.225358304936070120e-01 9.569476897500115431e-01 1.852909880336961468e-02
2.259999999999999787e+00 1.055349793993165086e+00 6.385779313857595785e-01 4.167718626074055077e-01 3.964254246327783560e-01 1.035003356018537879e+00 2.034643797462715176e-02
2.279999999999999805e+00 1.138208738378645446e+00 6.427440035151148479e-01 4.954647348635305981e-01 4.764403126955364387e-01 1.119184316210651176e+00 1.902442216799415942e-02
2.299999999999999822e+00 1.221447134499994869e+00 6.469100756444701172e-01 5.745370588555247515e-01 5.598411976277700708e-01 1.206751273272240077e+00 1.469586122775468073e-02
2.319999999999999840e+00 1.302135517690459654e+00 6.510761477738252756e-01 6.510593699166343784e-01 6.431064826539196755e-01 1.294182630427744840e+00 7.952887262714702921e-03
2.339999999999999858e+00 1.377191551085594545e+00 6.552422199031805450e-01 7.219493311824140003e-01 7.221401293545365307e-01 1.377382349257717076e+00 -1.907981721225304739e-04
2.359999999999999876e+00 1.443566799683944524e+00 6.594082920325358144e-01 7.841585076514087094e-01 7.925855554967037309e-01 1.451993847529239545e+00 -8.427047845295021489e-03
2.379999999999999893e+00 1.498435498802402233e+00 6.635743641618909727e-01 8.348611346405112599e-01 8.502157664673886117e-01 1.513790130629279584e+00 -1.535463182687735184e-02
2.399999999999999911e+00 1.539376147404344142e+00 6.677404362912462421e-01 8.716357111130978996e-01 8.913525551614688291e-01 1.559092991452715182e+00 -1.971684404837092952e-02
2.419999999999999929e+00 1.564528384665530236e+00 6.719065084206015115e-01 8.926218762449287247e-01 9.132571829520286233e-01 1.585163691372630135e+00 -2.063530670709989856e-02
2.439999999999999947e+00 1.572716179055035024e+00 6.760725805499566698e-01 8.966435985050783541e-01 9.144345662734602032e-01 1.590507146823416873e+00 -1.779096776838184901e-02
2.459999999999999964e+00 1.563533358856574740e+00 6.802386526793119392e-01 8.832947061772628006e-01 8.948036372814333061e-01 1.575042289960745245e+00 -1.150893110417050558e-02
2.479999999999999982e+00 1.537378278014532640e+00 6.844047248086670976e-01 8.529735532058655423e-01 8.557066636782448832e-01 1.540111388486911981e+00 -2.733110472379340905e-03
2.500000000000000000e+00 1.495437930835497031e+00 6.885707969380223670e-01 8.068671338974746643e-01 7.997560254154113535e-01 1.488326822353433609e+00 7.111108482063310809e-03
2.520000000000000018e+00 1.439626838715049928e+00 6.927368690673776364e-01 7.468899696476722916e-01 7.305429703433390376e-01 1.423279839410716674e+00 1.634699930433325399e-02
2.540000000000000036e+00 1.372482132496823048e+00 6.969029411967327947e-01 6.755791913000902538e-01 6.522538435607837526e-01 1.349156784757516547e+00 2.332534773930650118e-02
2.560000000000000053e+00 1.297017579655109554e+00 7.010690133260880641e-01 5.959485663290214896e-01 5.692511158845203756e-01 1.270320129210608329e+00 2.669745044450111404e-02
2.580000000000000071e+00 1.216557381723651687e+00 7.052350854554433335e-01 5.113222962682083539e-01 4.856773810448126727e-01 1.190912466500255951e+00 2.564491522339568119e-02
2.600000000000000089e+00 1.134549786667099491e+00 7.094011575847984918e-01 4.251486290823009995e-01 4.051310710856526609e-01 1.114532228670451097e+00 2.001755799664833857e-02
2.620000000000000107e+00 1.054379562933866143e+00 7.135672297141537612e-01 3.408123332197123823e-01 3.304458582809465805e-01 1.044013087995100397e+00 1.036647493876580173e-02
2.640000000000000124e+00 9.791893403392397666e-01 7.177333018435090306e-01 2.614560384957307360e-01 2.635857312765075289e-01 9.813190331200165595e-01 -2.129692780776792915e-03
2.660000000000000142e+00 9.117195614593410768e-01 7.218993739728641890e-01 1.898201874864768879e-01 2.056488309626891831e-01 9.275482049355533443e-01 -1.582864347621229517e-02
2.680000000000000160e+00 8.541792457519961079e-01 7.260654461022194583e-01 1.281137996497766496e-01 1.569586872220582741e-01 8.830241333242777602e-01 -2.884488757228162448e-02
2.700000000000000178e+00 8.081520041623728723e-01 7.302315182315747277e-01 7.792048593079814456e-02 1.172133657102089471e-01 8.474448839417836332e-01 -3.929287977941080257e-02
2.720000000000000195e+00 7.745458078152037684e-01 7.343975903609298861e-01 4.014821745427388233e-02 8.566140967729091171e-02 8.200590000382208533e-01 -4.551319222301702938e-02
2.740000000000000213e+00 7.535783278373598959e-01 7.385636624902851555e-01 1.501466534707474043e-02 6.127718248743993512e-02 7.998408449777251183e-01 -4.626251714036519469e-02
2.759999999999999787e+00 7.448127706843179485e-01 7.427297346196403138e-01 2.083036064677634691e-03 4.291532495303279626e-02 7.856450595726731656e-01 -4.083228888835516157e-02
